ZoneID	ActivityType	ActivitySubType	ActivityNum	Condition	Operation	TodayCountLimit	TotalCountLimit	Desc	TimeDesc
-1	1	1	0	P78>=20130209|P79<=20130212|P71==15	1	1	0	15点在线	2月9日-2月12日 整点在线
-1	1	2	0	P78>=20130209|P79<=20130212|P71==16	1	1	0	16点在线	2月9日-2月12日 整点在线
-1	1	3	0	P78>=20130209|P79<=20130212|P71==19	1	1	0	19点在线	2月9日-2月12日 整点在线
-1	1	4	0	P78>=20130209|P79<=20130212|P71==20	1	1	0	20点在线	2月9日-2月12日 整点在线
-1	1	5	0	P78>=20130213|P79<=20130214|P71==15	1	1	0	15点在线	2月13日-2月14日 整点在线
-1	1	6	0	P78>=20130213|P79<=20130214|P71==16	1	1	0	16点在线	2月13日-2月14日 整点在线
-1	1	7	0	P78>=20130213|P79<=20130214|P71==19	1	1	0	19点在线	2月13日-2月14日 整点在线
-1	1	8	0	P78>=20130213|P79<=20130214|P71==20	1	1	0	20点在线	2月13日-2月14日 整点在线
-1	2	0	0	P55>=300	1	1	0	5分钟在线礼包	
-1	2	1	0	P55>=900	1	1	0	15分钟在线礼包	
-1	2	2	0	P55>=1800	1	1	0	30分钟在线礼包	
-1	2	3	0	P55>=3600	1	1	0	1小时在线礼包	
-1	2	4	0	P55>=5400	1	1	0	1.5小时在线礼包	
-1	2	5	0	P55>=7200	1	1	0	2小时在线礼包	
-1	2	6	0	P55>=9000	1	1	0	2.5小时在线礼包	
-1	2	7	0	P55>=10800	1	1	0	3小时在线礼包	
-1	2	8	0	P55>=14400	1	1	0	4小时在线礼包	
-1	3	0	0	P0<=10	1	1	1	首次登录发奖品	
-1	3	1	0	P0<=10|P90>=20130307	1	0	1	首登送萌宠礼包(新人)	
-1	4	0	0	P73==1	1	1	1	第一天	
-1	4	1	0	P73==2	1	1	1	第二天	
-1	4	2	0	P73==3	1	1	1	第三天	
-1	5	1	0		256	1	0	2倍经验奖励	13:00-17:00
-1	5	1	1		256	1	0	三倍经验奖励	10.31至11.01 13：00-17:00
-1	5	1	2		256	1	0	双倍经验奖励	13：00-17:00
-1	5	2	0		256	1	0	2倍经验奖励	19:00-21:00
-1	5	2	1		256	1	0	三倍经验奖励	10.31至11.01 19:00-21:00
-1	5	2	2		256	1	0	双倍经验奖励	19:00-21:00
-1	6	0	0	P67>=3	1	1	1	累计签到3天	
-1	6	1	0	P67>=7	1	1	1	累计签到7天	
-1	6	1	1	P67>=3	1	1	1	累计签到3天	
-1	6	2	0	P67>=14	1	1	1	累计签到14天	
-1	6	2	1	P67>=7	1	1	1	累计签到7天	
-1	6	3	0	P67>=21	1	1	1	累计签到21天	
-1	6	3	1	P67>=14	1	1	1	累计签到14天	
-1	6	4	0	P67>=31	1	1	1	全勤非卖大奖	
-1	6	4	1	P67>=21	1	1	1	累计签到21天	
-1	6	5	1	P67>=30	1	1	1	全勤大奖	
-1	7	0	0	P19>=1000	1	1	1	翅膀免费领	
-1	8	1	0	P21>=4990	1	0	1	累计消费499 Q点	
-1	8	1	1	P21>=4990	1	0	1	累计消费499 Q点	
-1	8	2	0	P21>=9990	1	0	1	累计消费999 Q点	
-1	8	2	1	P21>=9990	1	0	1	累计消费999 Q点	
-1	8	3	0	P21>=19990	1	0	1	累计消费1999 Q点	
-1	8	3	1	P21>=19990	1	0	1	累计消费1999 Q点	
-1	8	4	0	P21>=49990	1	0	1	累计消费4999 Q点	
-1	8	4	1	P21>=49990	1	0	1	累计消费4999 Q点	
-1	8	5	0	P21>=99990	1	0	1	累计消费9999 Q点	
-1	8	5	1	P21>=99990	1	0	1	累计消费9999 Q点	
-1	8	6	0	P21>=199990	1	0	1	累计消费19999 Q点	
-1	8	6	1	P21>=199990	1	0	1	累计消费19999 Q点	
-1	9	0	0	P5>=8	1	0	1	使用8次大喇叭	使用8次大喇叭
-1	9	1	0	P5>=19	1	0	1	使用19次大喇叭	使用19次大喇叭
-1	9	2	0	P5>=46	1	0	1	使用46次大喇叭	使用46次大喇叭
-1	9	3	0	P7>=1	1	0	1	使用1次小喇叭	使用1次小喇叭
-1	11	0	0	P54>0	1	1	1	黄钻新手礼包	
-1	12	0	0	P54>0	1	1	1	开通黄钻用户礼包	
-1	13	0	0	P54==2	1	1	0	年费黄钻每日礼包	
-1	14	1	0	P53==1	1	1	0	500金币、500经验值	
-1	14	2	0	P53==2	1	1	0	1000金币、1000经验值	
-1	14	3	0	P53==3	1	1	0	1500经验、挑战卡*1	
-1	14	4	0	P53==4	1	1	0	挑战卡*1、普通小喇叭*1、2000经验值 	
-1	14	5	0	P53==5	1	1	0	挑战卡*1、荣耀结晶*5、1.2倍经验卡*2 	
-1	14	6	0	P53==6	1	1	0	挑战卡*1、荣耀结晶*5、1.2倍经验卡*2、普通小喇叭*1	
-1	14	7	0	P53==7	1	1	0	挑战卡*1、荣耀结晶*6、1.5倍经验卡*3、普通小喇叭*2	
-1	14	8	0	P53==8	1	1	0	挑战卡*2、荣耀结晶*8、1.5倍经验卡*4、普通小喇叭*3	
-1	15	1	0	P54>0|P52>=5	1	1	1	黄钻成长等级礼包5级	
-1	15	2	0	P54>0|P52>=10	1	1	1	黄钻成长等级礼包10级	
-1	15	3	0	P54>0|P52>=15	1	1	1	黄钻成长等级礼包15级	
-1	15	4	0	P54>0|P52>=20	1	1	1	黄钻成长等级礼包20级	
-1	15	5	0	P54>0|P52>=25	1	1	1	黄钻成长等级礼包25级	
-1	15	6	0	P54>0|P52>=30	1	1	1	黄钻成长等级礼包30级	
-1	15	7	0	P54>0|P52>=35	1	1	1	黄钻成长等级礼包35级	
-1	15	8	0	P54>0|P52>=40	1	1	1	黄钻成长等级礼包40级	
-1	15	9	0	P54>0|P52>=45	1	1	1	黄钻成长等级礼包45级	
-1	15	10	0	P54>0|P52>=50	1	1	1	黄钻成长等级礼包50级	
-1	15	11	0	P54>0|P52>=55	1	1	1	黄钻成长等级礼包55级	
-1	15	12	0	P54>0|P52>=60	1	1	1	黄钻成长等级礼包60级	
-1	15	13	0	P54>0|P52>=65	1	1	1	黄钻成长等级礼包65级	
-1	15	14	0	P54>0|P52>=70	1	1	1	黄钻成长等级礼包70级	
-1	15	15	0	P54>0|P52>=75	1	1	1	黄钻成长等级礼包75级	
-1	15	16	0	P54>0|P52>=80	1	1	1	黄钻成长等级礼包80级	
-1	15	17	0	P54>0|P52>=85	1	1	1	黄钻成长等级礼包85级	
-1	15	18	0	P54>0|P52>=90	1	1	1	黄钻成长等级礼包90级	
-1	15	19	0	P54>0|P52>=95	1	1	1	黄钻成长等级礼包95级	
-1	15	20	0	P54>0|P52>=100	1	1	1	黄钻成长等级礼包100级	
-1	16	0	0	P56>=10	1	1	0	10活跃度	
-1	16	1	0	P56>=40	1	1	0	40活跃度	
-1	16	2	0	P56>=90	1	1	0	90活跃度	
-1	16	3	0	P56>=150	1	1	0	150活跃度	
-1	16	4	0	P56>=200	1	1	0	200活跃度	
-1	17	0	0	P58>=1	1	1	0	邀请好友活动	
-1	17	1	0	P58>=2	1	1	0	邀请好友活动	
-1	17	2	0	P58>=3	1	1	0	邀请好友活动	
-1	17	3	0	P58>=4	1	1	0	邀请好友活动	
-1	17	4	0	P58>=5	1	1	0	邀请好友活动	
-1	17	5	0	P58>=6	1	1	0	邀请好友活动	
-1	18	0	0	P74<=259200	8	1	1	新人冲级赛升级卡	
-1	19	1	0	P74<=259200|P52>=12	1	1	1	3天内到达12级	
-1	19	2	0	P74<=259200|P52>=20	1	1	1	3天内到达20级	
-1	19	3	0	P74<=259200|P52>=25	1	1	1	3天内到达25级	
-1	19	4	0	P74<=259200|P52>=30	1	1	1	3天内到达30级	
-1	20	0	0	P25>1000	1	1	1	单笔消费	
-1	21	0	0		1	1	0	购买指定物品	
-1	21	1	0		1	1	0	购买指定物品	
-1	22	0	0	P98>=10|P101>=10	1	0	1	对局送好礼哦	对局送好礼哦！
-1	23	0	0	P76%5	1024	8	0	5个任务兑换	
-1	24	0	0		2048	1	0	活动时间内，等级前三名的玩家可以获得丰厚奖励	
-1	25	0	0		2048	1	0	活动时间内，舞团前三名的玩家可以获得丰厚奖励	
-1	26	0	0		1	0	1	互通升级回馈礼包	
-1	27	1	0	P76>=6|P82>=6|P55>=1800	1	0	1	萌宠免费领	
-1	28	0	0	P77==1	1	100	0		
-1	29	3	0	P89>=9000	1	0	1	游戏评分五颗星人数达到9000	
-1	29	4	0	P89>=12000	1	0	1	游戏评分五颗星人数达到12000	
-1	29	5	0	P89>=17000	1	0	1	游戏评分五颗星人数达到17000	
-1	29	6	0	P89>=22000	1	0	1	游戏评分五颗星人数达到22000	
-1	29	7	0	P89>=27000	1	0	1	游戏评分五颗星人数达到27000	
-1	29	8	0	P89>=32000	1	0	1	游戏评分五颗星人数达到32000	
-1	30	0	0	P76%5	1024	0	1	每完成5个任务抽奖许愿一次	
-1	31	0	0		1	1	1		
-1	32	0	0	P21>=18880	1	1	1	消费送台历	
-1	33	0	0	P84>=990	4096	1	0	今日消费送礼满99Q点	每日消费99Q点（随机发放其中一种）
-1	33	0	1	P84>=990	4096	1	0	今日消费送礼满99Q点	每日消费99Q点（随机发放其中一种）
-1	33	1	0	P84>=1990	4096	1	0	今日消费送礼满199Q点	每日消费199Q点（随机发放其中一种）
-1	33	1	1	P84>=1990	4096	1	0	今日消费送礼满199Q点	每日消费199Q点（随机发放其中一种）
-1	33	2	0	P84>=9990	4096	1	0	今日消费送礼满999Q点	每日消费999Q点（随机发放其中一种）
-1	33	2	1	P84>=9990	4096	1	0	今日消费送礼满999Q点	每日消费999Q点（随机发放其中一种）
-1	33	3	0	P84>=19990	4096	1	0	今日消费送礼满1999Q点	每日消费1999Q点（随机发放其中一种）
-1	33	3	1	P84>=19990	4096	1	0	今日消费送礼满1999Q点	每日消费1999Q点（随机发放其中一种）
-1	34	0	0	P77==0	0	1	0		
-1	34	0	1	P77==0	0	1	0		
-1	35	1	0	P95==2	1	0	1	结为情侣	
-1	35	2	0	P91>=521	1	1	0	心动值增加521点	
-1	35	3	0	P95==16	1	0	100	举办婚礼	
-1	36	0	0	P90==20131128|P105<=24|P104>=0	1	0	1	登陆即送以下奖励	2013年11月28日 00:00-23:59
-1	37	0	0	P106>=500	1	0	1	黄钻有礼	
-1	38	0	0	P21>=100	1	0	1	一元超值好礼	
-1	39	1	0	P83>=5	1	0	1	累计完成5局游戏	
-1	39	2	0	P55>=3600	1	0	1	累计在线一个小时	
-1	39	3	0	P85>=100	1	0	1	消费10Q点	
-1	40	0	0		1024	0	0		抽奖
-1	41	1	0	P62>=1|P95==8	1	0	1		对局达到1局
-1	41	2	0	P62>=10|P95==8	1	0	1		对局达到10局
-1	41	3	0	P62>=50|P95==8	1	0	1		对局达到50局
-1	42	1	0	P109==1	0	0	1000	木锤子	
-1	42	1	1	P109==1	0	0	1000	木锤子	
-1	42	2	0	P109==2	0	1	0	银锤子	
-1	42	2	1	P109==2	0	1	0	银锤子	
-1	42	3	0	P109==3	0	0	1000	金锤子	
-1	42	3	1	P109==3	0	0	1000	金锤子	
-1	43	0	0		1024	0	1000	约会得宝石，免费大抽奖	2013年4月13日至2013年4月19日
-1	48	1	0		2048	0	0		
-1	49	0	0		2048	0	0		
-1	51	0	0	P80==1|P81==51	1	0	1		媒体礼包
-1	52	1	0		1024	0	0	普通	
-1	52	1	1		1024	0	0	普通	
-1	52	2	0		1024	0	0	中档	
-1	52	2	1		1024	0	0	中档	
-1	52	3	0		1024	0	0	高级	
-1	52	3	1		1024	0	0	高级	
-1	53	0	0	P3==	0	0	0		
-1	54	0	0	P110>=9	1	1	1	赠送9朵玫瑰	
-1	54	1	0	P110>=19	1	1	1	赠送19朵玫瑰	
-1	54	2	0	P110>=99	1	1	1	赠送99朵玫瑰	
-1	54	3	0	P110>=520	1	1	1	赠送520朵玫瑰	
-1	55	0	0	P111>=9	1	1	1	接受9朵玫瑰	
-1	55	1	0	P111>=19	1	1	1	接受19朵玫瑰	
-1	55	2	0	P111>=99	1	1	1	接受99朵玫瑰	
-1	55	3	0	P111>=520	1	1	1	接受520朵玫瑰	
-1	56	0	0	P118>=1|P118<=3	1	1	1	第1-3名	
-1	56	1	0	P118>=4|P118<=10	1	1	1	第4-10名	
-1	56	2	0	P118>=11|P118<=20	1	1	1	第11-20名	
-1	56	3	0	P118>=21|P118<=50	1	1	1	第21-50名	
-1	56	4	0	P118>=51|P118<=100	1	1	1	第51-100名	
-1	57	0	0	P52>=5	1	0	1	5,头发	
-1	57	1	0	P52>=10	1	0	1	10,上衣	
-1	57	2	0	P52>=15	1	0	1	15,下衣	
-1	57	3	0	P52>=20	1	0	1	20,鞋子	
-1	57	4	0	P52>=25	1	0	1	25,头发	
-1	57	5	0	P52>=30	1	0	1	30,上衣	
-1	57	6	0	P52>=35	1	0	1	35,下衣	
-1	57	7	0	P52>=40	1	0	1	40,鞋子	
-1	58	1	0		1	1	0	每天免费领取3个	
-1	58	2	0	P82%2	1	3	0	您已对局{0}次n可领{1} 已领{2}	
-1	58	3	0	P55%1800	1	3	0	每天在线0.5小时n可领{0} 已领{1}	
-1	59	1	0	P112==3	1	0	0	需要3个冰激凌	
-1	59	2	0	P112==10	1	0	0	需要10个冰激凌	
-1	59	3	0	P112==25	1	0	0	需要25个冰激凌	
-1	59	4	0	P112==50	1	0	0	需要50个冰激凌	
-1	59	5	0	P112==80	1	0	0	需要80个冰激凌	
-1	60	0	0	P80==1|P81==60	1	0	1	微信CDKey礼包活动	
-1	61	1	0		1024	0	0	内圈	
-1	61	2	0		1024	0	0	外圈	
-1	64	1	0	P113==1	1	0	1	第1名	
-1	64	2	0	P113==2	1	0	1	第2名	
-1	64	3	0	P113==3	1	0	1	第3名	
-1	64	4	0	P113>=4|P113<=10	1	0	1	第4-10名	
-1	64	5	0	P115>=5000	1	0	1	累计经验≥5000	
-1	65	0	0	P115>=5000	1	0	1	阳光普照奖励	
-1	65	1	0	P113<=10	1	0	1	经验排名前10	
-1	66	0	0	P116>=500	1	0	1	个人贡献≥500点	
-1	66	1	0	P114==1	1	0	1	第1名	
-1	66	2	0	P114==2	1	0	1	第2名	
-1	66	3	0	P114==3	1	0	1	第3名	
-1	66	4	0	P114>=4|P114<=10	1	0	1	第4-10名	
-1	68	0	0	P117>=1	1	0	1	vip 1级礼包	
-1	68	1	0	P117>=2	1	0	1	vip 2级礼包	
-1	68	2	0	P117>=3	1	0	1	vip 3级礼包	
-1	68	3	0	P117>=4	1	0	1	vip 4级礼包	
-1	68	4	0	P117>=5	1	0	1	vip 4级礼包	
-1	68	5	0	P117>=6	1	0	1	vip 6级礼包	
-1	68	6	0	P117>=7	1	0	1	vip 7级礼包	
-1	68	7	0	P117>=8	1	0	1	vip 8级礼包	
-1	68	8	0	P117>=9	1	0	1	vip 9级礼包	
-1	69	0	0	P117==1	1	1	0	经验*400、金币*400	
-1	69	1	0	P117==2	1	1	0	经验*600、金币*600	
-1	69	2	0	P117==3	1	1	0	经验*800、金币*800	
-1	69	3	0	P117==4	1	1	0	经验*1200、金币*1200	
-1	69	4	0	P117==5	1	1	0	经验*1600、金币*1600	
-1	69	5	0	P117==6	1	1	0	经验*2000、金币*2000	
-1	69	6	0	P117==7	1	1	0	经验*2600、金币*2600	
-1	69	7	0	P117==8	1	1	0	经验*3200、金币*3200	
-1	69	8	0	P117==9	1	1	0	经验*3800、金币*3800	
-1	70	0	0	P117==1	1	1	0	vip 1级每日礼包	
-1	70	1	0	P117==2	1	1	0	vip 2级每日礼包	
-1	70	2	0	P117==3	1	1	0	vip 3级每月礼包	
-1	70	3	0	P117==4	1	1	0	vip 4级每月礼包	
-1	70	4	0	P117==5	1	1	0	vip 4级每月礼包	
-1	70	5	0	P117==6	1	1	0	vip 6级每月礼包	
-1	70	6	0	P117==7	1	1	0	vip 7级每月礼包	
-1	70	7	0	P117==8	1	1	0	vip 8级每月礼包	
-1	70	8	0	P117==9	1	1	0	vip 9级每月礼包	
-1	71	1	1		1	1	0	每天登陆获得1个	
-1	71	2	1	P82%2	1	3	0	完成2局2人以上游戏获得1个	
-1	71	3	1	P55%3600	1	5	0	每在线1个小时获得一个	
-1	72	0	1		1024	0	1	灰姑娘抽奖	
-1	73	0	1	P113==1	1	0	1	第1名	
-1	73	1	1	P113>=2|P113<=4	1	0	1	第2-4名	
-1	73	2	1	P113>=5|P113<=12	1	5	0	第5-12名	
-1	74	0	1		1	0	1	灰姑娘兑奖	
-1	75	0	0		1	1	0	1	
-1	76	0	0	P118>=1|P118<=3	1	1	1	第1-3名	
-1	76	1	0	P118>=4|P118<=10	1	1	1	第4-10名	
-1	76	2	0	P118>=11|P118<=20	1	1	1	第11-20名	
-1	76	3	0	P118>=21|P118<=50	1	1	1	第21-50名	
-1	76	4	0	P118>=51|P118<=100	1	1	1	第51-100名	
-1	77	1	0	P120==1	1	0	1	添加QQ面板	
-1	77	2	0	P120==2	1	0	1	添加QQ群应用	
-1	78	0	0	P1>=1	1	1	0	今日礼包	
-1	78	1	0	P58>=1	1	10	0	好友礼包	
-1	79	1	0	P55>=3600	1	1	0	当日在线达到1个小时	讲堂时间
-1	79	2	0	P55>=7200	1	1	0	当日在线达到2个小时	讲堂时间
-1	79	3	0	P55>=14400	1	1	0	当日在线达到4个小时	讲堂时间
-1	79	4	0	P1100>=3	1	1	0	使用动作卡3次	我爱做运动
-1	79	5	0	P1101>=5	1	1	0	精灵树浇水5次	我爱做运动
-1	79	6	0	P1102>=1	1	1	0	精灵树施肥1次	我爱做运动
-1	79	7	0	P1103>=5	1	1	0	精灵树收获5次	我爱做运动
-1	79	8	0	P1104>=3	1	1	0	舞团捐献资源3次	我爱做运动
-1	79	9	0	P1105>=1	1	1	0	完成1次挑战	PK我要赢
-1	79	10	0	P1106>=3	1	1	0	访问好友星球3次	我爱做运动
-1	79	11	0	P26>=100	1	1	0	消费10 Q点	新学期新装扮
-1	79	12	0	P1107>=3	1	1	0	进行3次随机撮合	PK我要赢
-1	79	13	0	P1105>=5	1	1	0	完成5次挑战	PK我要赢
-1	79	14	0	P1107>=5	1	1	0	进行5次随机撮合	PK我要赢
-1	79	15	0	P1108>=100	1	1	0	活跃度累计达到100	任务16
-1	79	16	0	P1201==16777216	1	1	0	在声望商城进行一次消费	我爱做运动
-1	79	17	0	P1201==2097152	1	1	0	在星球点进行一次消费	新学期新装扮
-1	79	18	0	P1201==4194304	1	1	0	在家具店进行一次消费	新学期新装扮
-1	79	19	0	P1301==1|P1308>=5	1	1	0	2人以上传统玩法中获得1次S判定	小组的协作
-1	79	20	0	P1301==1|P1308>=4|P1309>=3	1	1	0	2人以上传统玩法中获得3次A判定	小组的协作
-1	79	21	0	P1301==1|P1308>=4|P1309>=5	1	1	0	2人以上传统玩法中获得5次A判定	小组的协作
-1	79	22	0	P1301==3|P1308>=5	1	1	0	2人以上音浪玩法中获得1次S判定	小组的协作
-1	79	23	0	P1301==3|P1308>=4|P1309>=3	1	1	0	2人以上音浪玩法中获得3次A判定	小组的协作
-1	79	24	0	P1301==3|P1308>=4|P1309>=5	1	1	0	2人以上音浪玩法中获得5次A判定	小组的协作
-1	79	25	0	P1301==2|P1308>=5	1	1	0	2人以上节奏玩法中获得1次S判定	小组的协作
-1	79	26	0	P1301==2|P1308>=4|P1309<=3	1	1	0	2人以上节奏玩法中获得3次A判定	小组的协作
-1	79	27	0	P1301==2|P1309==5|P1308>=4	1	1	0	2人以上节奏玩法中获得5次A判定	小组的协作
-1	79	28	0	P1302==3|P1309==3	1	1	0	完成3局约会玩法	小组的协作
-1	79	29	0	P1302==3|P1309==5	1	1	0	完成5局约会玩法	小组的协作
-1	79	30	0	P1302==1|P1309==3	1	1	0	完成3局团队玩法	小组的协作
-1	79	31	0	P1302==1|P1309==5	1	1	0	完成5局团队玩法	小组的协作
-1	80	1	0		1	10	0	任务1	任务1
-1	80	2	0		1	10	0	任务2	任务2
-1	80	3	0		1	10	0	任务3	任务3
-1	80	4	0		1	10	0	任务4	任务4
-1	80	5	0		1	10	0	任务5	任务5
-1	80	6	0		1	10	0	任务6	任务6
-1	80	7	0		1	10	0	任务7	任务7
-1	80	8	0		1	10	0	任务8	任务8
-1	80	9	0		1	10	0	任务9	任务9
-1	80	10	0		1	10	0	任务10	任务10
-1	80	11	0		1	10	0	任务11	任务11
-1	80	12	0		1	10	0	任务12	
-1	80	13	0		1	10	0	任务13	
-1	80	14	0		1	10	0	任务14	
-1	80	15	0		1	10	0	任务15	
-1	80	16	0		1	10	0	任务16	
-1	80	17	0		1	10	0	任务17	
-1	80	18	0		1	10	0	任务18	
-1	80	19	0		1	10	0		
-1	80	20	0		1	10	0		
-1	80	21	0		1	10	0		
-1	80	22	0		1	10	0		
-1	80	23	0		1	10	0		
-1	80	24	0		1	10	10		
-1	80	25	0		1	10	0		
-1	80	26	0		1	10	0		
-1	80	27	0		1	10	0		
-1	80	28	0		1	10	0		
-1	80	29	0		1	10	0		
-1	80	30	0		1	10	0		
-1	80	31	0		1	10	0		
-1	82	0	0		1024	20	0	20个好友上线	
-1	82	1	0		1024	50	0	50个好友上线	
-1	83	1	0	P118==1	1	0	1	第1名	
-1	83	2	0	P118==2	1	0	1	第2名	
-1	83	3	0	P118==3	1	0	1	第3名	
-1	83	4	0	P118>=4|P118<=10	1	0	1	第4-10名	
-1	83	5	0	P119>=999	1	0	1	累计心动≥999	
-1	86	0	0	P107==0	2048	0	1	万圣节礼包	
-1	86	1	0	P107==8	2048	0	0	魔力宝贝发型	物品1
-1	86	2	0	P107==1000	2048	0	0	魔力宝贝套装	物品2
-1	86	3	0	P107==20001	2048	0	0	魔力宝贝鞋子	
-1	86	4	0	P107==61	2048	0	0	飞天扫帚	
-1	86	5	0	P107==87	2048	0	0	蝙蝠飞飞	
-1	86	6	0	P107==20001	2048	0	0		
-1	86	7	0	P107==20001	2048	0	0	魔杖	
-1	87	0	0	P1304>=2|P1308>=3|P1311>=4	1	0	1	完成上述条件，可领取1个葡萄。	不少于2人完成任意4星以上歌曲（含4星）并成绩不低于B
-1	88	0	0	P121==5544|P122==15	1	0	0	巨峰宝箱	
-1	88	1	0	P121==5544|P122==30	1	0	0	牛奶宝箱	
-1	88	2	0	P121==5544|P122==125	1	0	0	红提宝箱	
-1	88	3	0	P121==5544|P122==300	1	0	0	赤霞珠宝箱	
-1	89	0	0	P21%3000	1	0	0	每完成300Q点的消费，便可活动一个宝箱奖励哦	
-1	89	0	1	P21%3000	1	0	0	每完成300Q点的消费，便可活动一个宝箱奖励哦	
-1	90	0	0	P86==5540	2048	0	0	购买11朵鲜花	
-1	90	1	0	P86==5179	2048	0	0	购买111朵鲜花	
-1	90	2	0	P86==5180	2048	0	0	购买1111朵鲜花	
-1	90	3	0	P86==5181	2048	0	0	购买3334朵鲜花	
-1	91	1	0	P118==1	1	0	1	第1名	
-1	91	2	0	P118==2	1	0	1	第2名	
-1	91	3	0	P118==3	1	0	1	第3名	
-1	91	4	0	P118>=4|P118<=10	1	0	1	第4-10名	
-1	91	5	0	P119>=520	1	0	1	累计鲜花数≥520	
-1	92	0	0	P123%1	1	0	0	好友祝福	今天已祝福{0}个好友，获得{1}个神之祝福，继续去祝福好友吧！
-1	92	1	0	P84%100	1	0	0	今日消费	今天已消费{0}Q点，获得{1}个神之祝福，再消费{2}Q点就又可获得神之祝福.##10
-1	92	2	0	P55%1	1	0	0	今日在线	今天已在线{0}小时，获得{1}个神之祝福，再在线{2}小时又可获得神之祝福.##1
-1	92	3	0	P124%1	1	0	0	今日情侣挑战	今天已成功情侣模式挑战{0}次，获得{1}个神之祝福，继续去挑战吧。
-1	93	0	0	P121==5178|P122==199	1	0	0	普通教堂	
-1	93	1	0	P121==5178|P122==219	1	0	0	明镜之约（3天）	
-1	93	2	0	P121==5178|P122==299	1	0	0	平凡经典（3天）	
-1	94	0	0	P125>=2	1	0	1	结婚2次	
-1	94	1	0	P125>=4	1	0	1	结婚4次	
-1	94	2	0	P125>=6	1	0	1	结婚6次	
-1	94	3	0	P125>=10	1	0	1	结婚10次	
-1	95	0	0	P55%1800	1	1	0	好友祝福	在线30分钟
-1	95	1	0	P76%1	1	0	0	完成一个任务	
-1	96	0	0	P126==100	1	0	1	收集所有的卡片	
-1	96	1	0	P126==101	1	0	1	收集完Boss组和头目组	
-1	96	2	0	P126==102	1	0	1	收集完除Boss组和头目组其他组的所有卡片	
-1	97	0	0		1	0	0	获得卡片奖励	
-1	98	0	0	P130>=180	1	0	1	一周年幸福居民	截止11月25日账号创建时间大于6个月
-1	98	1	0	P130>=30|P130<=180	1	0	1	半周年幸福居民	截止11月25日账号创建时间大于1个月且小于6个月
-1	98	2	0	P130<30	1	0	1	幸福新居民	截止11月25日账号创建时间不足1个月
-1	99	0	0	P128<=20131030	1	0	1	一周年幸福居民	
0	0	1	2	P80==1|P81==1	1	1	1	新手至尊礼包	
0	2	0	2	P55>=300	1	1	0	5分钟在线礼包	
0	2	1	2	P55>=900	1	1	0	15分钟在线礼包	
0	2	2	2	P55>=1800	1	1	0	30分钟在线礼包	
0	2	3	2	P55>=3600	1	1	0	1小时在线礼包	
0	2	4	2	P55>=5400	1	1	0	1.5小时在线礼包	
0	2	5	2	P55>=7200	1	1	0	2小时在线礼包	
0	2	6	2	P55>=9000	1	1	0	2.5小时在线礼包	
0	2	7	2	P55>=10800	1	1	0	3小时在线礼包	
0	2	8	2	P55>=14400	1	1	0	4小时在线礼包	
0	5	1	2		256	1	0	2倍经验奖励	%d.%d至%d.%d\n13:00-17:00
0	5	2	2		256	1	0	2倍经验奖励	%d.%d至%d.%d\n19:00-21:00
0	23	0	2	P76%5	1024	8	0	5个任务兑换	
0	36	0	2	P104>=0|P105<=24	1	0	1	登陆即送以下奖励	%d.%d.%d至%d.%d.%d
