ServerType	Type	ActionType	AddValue	CountLimit	ValueLimit	Opt1	Opt2	Opt3	Opt4	Opt5	Message	Desc
11	1	1101001	1	0	0	0	0	0	0	0		共同一局游戏
11	1	1101002	4	0	0	0	0	0	0	0		物品赠送
11	1	1101003	1	0	0	0	0	0	0	0		闯关
11	1	1101004	1	0	0	0	0	0	0	0		拜访家园
11	1	1101005	0	0	0	0	0	0	0	0		点歌
11	1	1101006	2	0	0	0	0	0	0	0		使用道具
11	1	1102001	1	0	0	0	0	0	0	0		情侣一起玩游戏加心动值
11	1	1102002	3	0	0	0	0	0	0	0		情侣一起闯关加心动值
11	1	1102003	8	0	0	0	0	0	0	0		情侣使用互动道具加心动值
11	1	1102004	48	1	0	0	0	0	0	0		情侣天数增加心动值
11	1	1102005	1	0	0	0	0	0	0	0		通过物品服务器添加情侣心动值
15	1	1502001	0	1000	0	0	0	0	0	0		完成任务
15	1	1502002	0	1000	0	0	0	0	0	0		邀请好友
15	1	1502004	0	10	0	0	0	0	0	0		每日使用道具个数
15	1	1502005	0	1000	0	0	0	0	0	0		每日增加心动值 
15	2	1501001	15	1	0	0	0	0	1	2	每日签到	
15	2	1501002	20	1	0	0	0	0	1	2	在线到达1小时	
15	2	1501003	10	10	0	0	0	0	1	2	完成2人以上对局	
15	2	1501004	30	3	0	0	0	0	1	2	使用动作卡	
15	2	1501005	10	3	0	0	0	0	1	2	精灵树浇水	
15	2	1501006	30	3	0	0	0	0	1	2	精灵树施肥	
15	2	1501007	20	2	0	0	0	0	1	2	精灵树收获果实	
15	2	1501008	20	1	0	0	0	0	1	2	舞团捐献资源	
15	2	1501009	20	5	0	0	0	0	1	2	完成每日任务	
15	2	1501010	20	1	0	0	0	0	1	2	邀请好友来玩	
15	2	1501011	10	1	0	0	0	0	1	2	添加炫舞好友	
15	2	1501012	10	1	0	0	0	0	1	2	访问好友星球	
15	2	1501013	20	1	0	0	0	0	1	2	完成挑战次数	
15	2	1501014	30	1	0	0	0	0	1	2	消费10Q点	
15	2	1501015	10	5	0	0	0	0	1	2	进行随机撮合	
15	2	1501016	10	3	0	0	0	0	0	0	完成随机任务	
15	4	1504001	0	1	0	0	0	0	0	0		跳舞评分达到S级
15	4	1504003	0	1	0	0	0	0	0	0		通关最后一关
15	4	1504004	0	1	0	0	0	0	0	0		进入隐藏关
15	4	1504005	0	1	0	0	0	0	0	0		购买服饰
15	4	1504006	0	1	0	0	0	0	0	0		购买家具
15	4	1504007	0	1	0	0	0	0	0	0		完成全服成就or技术类成就
15	4	1504008	0	1	0	0	0	0	0	0		星爵升到5星
15	4	1504009	0	1	0	0	0	0	0	0		第一名点击名人堂
15	4	1504010	0	1	0	0	0	0	0	0		单人跳舞第一or赢取团队战
15	4	1543002	0	1	0	0	0	0	0	0		收获一次果实
19	1	1901001	0	20	0	1	0	0	0	0		照顾蛋蛋
19	1	1901002	0	20	0	1	0	0	0	0		被照顾蛋蛋
19	1	1901003	0	20	0	1	0	0	0	0		喂养宠物
19	1	1901004	0	20	0	1	0	0	0	0		被喂宠物
23	1	2302001	6	300	0	3	4	2	0	0		星球----精灵树浇水
23	1	2302002	12	300	0	6	8	4	0	0		星球----精灵树施肥
23	1	2302003	24	300	0	9	16	8	0	0		星球----精灵树收获
23	1	2302004	2	300	0	2	0	0	0	0		星球----拜访好友星球
23	1	2302005	0	1	0	0	0	0	0	0		星球----保持在星球2小时
23	1	2302006	10	1000	0	0	0	0	0	0		星球----在星球使用道具
23	1	2302007	0	0	0	0	0	0	0	0		星球----购买星球家具
23	2	2301001	4	0	0	2	0	0	0	0		精灵树----精灵树浇水
23	2	2301002	8	0	0	4	0	0	0	0		精灵树----精灵树施肥
23	2	2301003	16	0	0	8	0	0	0	0		精灵树----精灵树收获
23	3	2303001	0	10	0	0	0	0	0	0		每日偷果实
23	3	2303002	0	10	0	0	0	0	0	0		每日果实被偷
