BonusType	Value1	Value2	Bonus	Desc
4	0	99	100	装扮度收益
4	100	199	105	装扮度收益
4	200	299	110	装扮度收益
4	300	399	115	装扮度收益
4	400	499	120	装扮度收益
4	500	599	125	装扮度收益
4	600	699	130	装扮度收益
4	700	799	135	装扮度收益
4	800	899	140	装扮度收益
4	900	999	145	装扮度收益
4	1000	1099	150	装扮度收益
4	1100	99999	155	装扮度收益
5	0	99	5	着装度收益
5	100	199	10	着装度收益
5	200	299	15	着装度收益
5	300	399	20	着装度收益
5	400	99999	25	着装度收益
6	0	199	5	师德点收益
6	200	599	10	师德点收益
6	600	1399	15	师德点收益
6	1400	2999	20	师德点收益
6	3000	6199	25	师德点收益
6	6200	12599	30	师德点收益
6	12600	22199	35	师德点收益
6	22200	41399	40	师德点收益
6	41400	70199	45	师德点收益
6	70200	999999	50	师德点收益
