Level	HP	ATT	DEF	HIT	EVA	CRI
1	1000	10	10	10	10	10
2	1368	10	10	10	10	10
3	1736	10	10	10	10	10
4	2104	10	10	10	10	10
5	2472	10	10	10	10	10
6	2840	10	10	10	10	10
7	3208	10	10	10	10	10
8	3576	10	10	10	10	10
9	3944	10	10	10	10	10
10	4312	10	10	10	10	10
11	4680	10	10	10	10	10
12	5048	10	10	10	10	10
13	5416	10	10	10	10	10
14	5784	10	10	10	10	10
15	6152	10	10	10	10	10
16	6520	10	10	10	10	10
17	6888	10	10	10	10	10
18	7256	10	10	10	10	10
19	7624	10	10	10	10	10
20	8000	10	10	10	10	10
21	8400	10	10	10	10	10
22	8800	10	10	10	10	10
23	9200	10	10	10	10	10
24	9600	10	10	10	10	10
25	10000	10	10	10	10	10
26	10400	10	10	10	10	10
27	10800	10	10	10	10	10
28	11200	10	10	10	10	10
29	11600	10	10	10	10	10
30	12000	10	10	10	10	10
31	12400	10	10	10	10	10
32	12800	10	10	10	10	10
33	13200	10	10	10	10	10
34	13600	10	10	10	10	10
35	14000	10	10	10	10	10
36	14400	10	10	10	10	10
37	14800	10	10	10	10	10
38	15200	10	10	10	10	10
39	15600	10	10	10	10	10
40	16000	10	10	10	10	10
41	16800	10	10	10	10	10
42	17600	10	10	10	10	10
43	18400	10	10	10	10	10
44	19200	10	10	10	10	10
45	20000	10	10	10	10	10
46	20800	10	10	10	10	10
47	21600	10	10	10	10	10
48	22400	10	10	10	10	10
49	23200	10	10	10	10	10
50	24000	10	10	10	10	10
51	24800	10	10	10	10	10
52	25600	10	10	10	10	10
53	26400	10	10	10	10	10
54	27200	10	10	10	10	10
55	28000	10	10	10	10	10
56	28800	10	10	10	10	10
57	29600	10	10	10	10	10
58	30400	10	10	10	10	10
59	31200	10	10	10	10	10
60	32000	10	10	10	10	10
61	33600	10	10	10	10	10
62	35200	10	10	10	10	10
63	36800	10	10	10	10	10
64	38400	10	10	10	10	10
65	40000	10	10	10	10	10
66	41600	10	10	10	10	10
67	43200	10	10	10	10	10
68	44800	10	10	10	10	10
69	46400	10	10	10	10	10
70	48000	10	10	10	10	10
71	49600	10	10	10	10	10
72	51200	10	10	10	10	10
73	52800	10	10	10	10	10
74	54400	10	10	10	10	10
75	56000	10	10	10	10	10
76	57600	10	10	10	10	10
77	59200	10	10	10	10	10
78	60800	10	10	10	10	10
79	62400	10	10	10	10	10
80	64000	10	10	10	10	10
81	66600	10	10	10	10	10
82	69200	10	10	10	10	10
83	71800	10	10	10	10	10
84	74400	10	10	10	10	10
85	77000	10	10	10	10	10
86	79600	10	10	10	10	10
87	82200	10	10	10	10	10
88	84800	10	10	10	10	10
89	87400	10	10	10	10	10
90	90000	10	10	10	10	10
91	92600	10	10	10	10	10
92	95200	10	10	10	10	10
93	97800	10	10	10	10	10
94	100400	10	10	10	10	10
95	103000	10	10	10	10	10
96	105600	10	10	10	10	10
97	108200	10	10	10	10	10
98	110800	10	10	10	10	10
99	113400	10	10	10	10	10
100	116000	10	10	10	10	10
101	120600	10	10	10	10	10
102	125200	10	10	10	10	10
103	129800	10	10	10	10	10
104	134400	10	10	10	10	10
105	139000	10	10	10	10	10
106	143600	10	10	10	10	10
107	148200	10	10	10	10	10
108	152800	10	10	10	10	10
109	157400	10	10	10	10	10
110	162000	10	10	10	10	10
111	166600	10	10	10	10	10
112	171200	10	10	10	10	10
113	175800	10	10	10	10	10
114	180400	10	10	10	10	10
115	185000	10	10	10	10	10
116	189600	10	10	10	10	10
117	194200	10	10	10	10	10
118	198800	10	10	10	10	10
119	203400	10	10	10	10	10
120	208000	10	10	10	10	10
121	214600	10	10	10	10	10
122	221200	10	10	10	10	10
123	227800	10	10	10	10	10
124	234400	10	10	10	10	10
125	241000	10	10	10	10	10
126	247600	10	10	10	10	10
127	254200	10	10	10	10	10
128	260800	10	10	10	10	10
129	267400	10	10	10	10	10
130	274000	10	10	10	10	10
131	280600	10	10	10	10	10
132	287200	10	10	10	10	10
133	293800	10	10	10	10	10
134	300400	10	10	10	10	10
135	307000	10	10	10	10	10
136	313600	10	10	10	10	10
137	320200	10	10	10	10	10
138	326800	10	10	10	10	10
139	333400	10	10	10	10	10
140	340000	10	10	10	10	10
141	348600	10	10	10	10	10
142	357200	10	10	10	10	10
143	365800	10	10	10	10	10
144	374400	10	10	10	10	10
145	383000	10	10	10	10	10
146	391600	10	10	10	10	10
147	400200	10	10	10	10	10
148	408800	10	10	10	10	10
149	417400	10	10	10	10	10
150	426000	10	10	10	10	10
151	434600	10	10	10	10	10
152	443200	10	10	10	10	10
153	451800	10	10	10	10	10
154	460400	10	10	10	10	10
155	469000	10	10	10	10	10
156	477600	10	10	10	10	10
157	486200	10	10	10	10	10
158	494800	10	10	10	10	10
159	503400	10	10	10	10	10
160	512000	10	10	10	10	10
161	522600	10	10	10	10	10
162	533200	10	10	10	10	10
163	543800	10	10	10	10	10
164	554400	10	10	10	10	10
165	565000	10	10	10	10	10
166	575600	10	10	10	10	10
167	586200	10	10	10	10	10
168	596800	10	10	10	10	10
169	607400	10	10	10	10	10
170	618000	10	10	10	10	10
171	628600	10	10	10	10	10
172	639200	10	10	10	10	10
173	649800	10	10	10	10	10
174	660400	10	10	10	10	10
175	671000	10	10	10	10	10
176	681600	10	10	10	10	10
177	692200	10	10	10	10	10
178	702800	10	10	10	10	10
179	713400	10	10	10	10	10
180	724000	10	10	10	10	10
181	736600	10	10	10	10	10
182	749200	10	10	10	10	10
183	761800	10	10	10	10	10
184	774400	10	10	10	10	10
185	787000	10	10	10	10	10
186	799600	10	10	10	10	10
187	812200	10	10	10	10	10
188	824800	10	10	10	10	10
189	837400	10	10	10	10	10
190	850000	10	10	10	10	10
191	862600	10	10	10	10	10
192	875200	10	10	10	10	10
193	887800	10	10	10	10	10
194	900400	10	10	10	10	10
195	913000	10	10	10	10	10
196	925600	10	10	10	10	10
197	938200	10	10	10	10	10
198	950800	10	10	10	10	10
199	963400	10	10	10	10	10
200	976000	10	10	10	10	10
