ZoneID	RealmID	RealmlName	ChannelID	ChannelName	MinStar	MaxStar	MinLevel	MaxLevel	MaxPlayerCount	VIPCount	MaxRoomCount
-1	1	新手成长	101	新手成长01	1	3	1	0	300	50	300
-1	1	新手成长	102	新手成长02	1	3	1	0	300	50	300
-1	1	新手成长	103	新手成长03	1	3	1	0	300	50	300
-1	1	新手成长	104	新手成长04	1	3	1	0	300	50	300
-1	1	新手成长	105	新手成长05	1	3	1	0	300	50	300
-1	1	新手成长	106	新手成长06	1	3	1	0	300	50	300
-1	1	新手成长	107	新手成长07	1	3	1	0	300	50	300
-1	1	新手成长	108	新手成长08	1	3	1	0	300	50	300
-1	1	新手成长	109	新手成长09	1	3	1	0	300	50	300
-1	1	新手成长	110	新手成长10	1	3	1	0	300	50	300
-1	1	新手成长	111	新手成长11	1	3	1	0	500	50	400
-1	1	新手成长	112	新手成长12	1	3	1	0	500	50	400
-1	1	新手成长	113	新手成长13	1	3	1	0	500	50	400
-1	1	新手成长	114	新手成长14	1	3	1	0	500	50	400
-1	1	新手成长	115	新手成长15	1	3	1	0	500	50	400
-1	1	新手成长	116	新手成长16	1	3	1	0	500	50	400
-1	1	新手成长	117	新手成长17	1	3	1	0	500	50	400
-1	1	新手成长	118	新手成长18	1	3	1	0	500	50	400
-1	1	新手成长	119	新手成长19	1	3	1	0	500	50	400
-1	1	新手成长	120	新手成长20	1	3	1	0	500	50	400
-1	1	新手成长	121	新手成长21	1	3	1	0	500	50	400
-1	1	新手成长	122	新手成长22	1	3	1	0	500	50	400
-1	1	新手成长	123	新手成长23	1	3	1	0	500	50	400
-1	1	新手成长	124	新手成长24	1	3	1	0	500	50	400
-1	1	新手成长	125	新手成长25	1	3	1	0	500	50	400
-1	1	新手成长	126	新手成长26	1	3	1	0	500	50	400
-1	1	新手成长	127	新手成长27	1	3	1	0	500	50	400
-1	1	新手成长	128	新手成长28	1	3	1	0	500	50	400
-1	1	新手成长	129	新手成长29	1	3	1	0	500	50	400
-1	1	新手成长	130	新手成长30	1	3	1	0	500	50	400
-1	2	自由进阶	201	自由进阶01	1	10	1	0	300	50	300
-1	2	自由进阶	202	自由进阶02	1	10	1	0	300	50	300
-1	2	自由进阶	203	自由进阶03	1	10	1	0	300	50	300
-1	2	自由进阶	204	自由进阶04	1	10	1	0	300	50	300
-1	2	自由进阶	205	自由进阶05	1	10	1	0	300	50	300
-1	2	自由进阶	206	自由进阶06	1	10	1	0	300	50	300
-1	2	自由进阶	207	自由进阶07	1	10	1	0	300	50	300
-1	2	自由进阶	208	自由进阶08	1	10	1	0	300	50	300
-1	2	自由进阶	209	自由进阶09	1	10	1	0	300	50	300
-1	2	自由进阶	210	自由进阶10	1	10	1	0	300	50	300
-1	2	自由进阶	211	自由进阶11	1	10	1	0	500	50	400
-1	2	自由进阶	212	自由进阶12	1	10	1	0	500	50	400
-1	2	自由进阶	213	自由进阶13	1	10	1	0	500	50	400
-1	2	自由进阶	214	自由进阶14	1	10	1	0	500	50	400
-1	2	自由进阶	215	自由进阶15	1	10	1	0	500	50	400
-1	2	自由进阶	216	自由进阶16	1	10	1	0	500	50	400
-1	2	自由进阶	217	自由进阶17	1	10	1	0	500	50	400
-1	2	自由进阶	218	自由进阶18	1	10	1	0	500	50	400
-1	2	自由进阶	219	自由进阶19	1	10	1	0	500	50	400
-1	2	自由进阶	220	自由进阶20	1	10	1	0	500	50	400
-1	2	自由进阶	221	自由进阶21	1	10	1	0	500	50	400
-1	2	自由进阶	222	自由进阶22	1	10	1	0	500	50	400
-1	2	自由进阶	223	自由进阶23	1	10	1	0	500	50	400
-1	2	自由进阶	224	自由进阶24	1	10	1	0	500	50	400
-1	2	自由进阶	225	自由进阶25	1	10	1	0	500	50	400
-1	2	自由进阶	226	自由进阶26	1	10	1	0	500	50	400
-1	2	自由进阶	227	自由进阶27	1	10	1	0	500	50	400
-1	2	自由进阶	228	自由进阶28	1	10	1	0	500	50	400
-1	2	自由进阶	229	自由进阶29	1	10	1	0	500	50	400
-1	2	自由进阶	230	自由进阶30	1	10	1	0	500	50	400
-1	3	温泉	301	泉新体验	0	0	0	0	800	50	30
-1	4	星球家园	401	星球家园	0	0	0	0	800	50	800
-1	4	星球家园	402	星球家园	0	0	0	0	800	50	800
-1	4	星球家园	403	星球家园	0	0	0	0	800	50	800
-1	4	星球家园	404	星球家园	0	0	0	0	800	50	800
-1	4	星球家园	405	星球家园	0	0	0	0	800	50	800
-1	4	星球家园	406	星球家园	0	0	0	0	800	50	800
-1	4	星球家园	407	星球家园	0	0	0	0	800	50	800
-1	4	星球家园	408	星球家园	0	0	0	0	800	50	800
-1	4	星球家园	409	星球家园	0	0	0	0	800	50	800
-1	4	星球家园	410	星球家园	0	0	0	0	800	50	800
-1	4	星球家园	411	星球家园	0	0	0	0	800	50	800
-1	4	星球家园	412	星球家园	0	0	0	0	800	50	800
-1	4	星球家园	413	星球家园	0	0	0	0	800	50	800
-1	4	星球家园	414	星球家园	0	0	0	0	800	50	800
-1	4	星球家园	415	星球家园	0	0	0	0	800	50	800
-1	4	星球家园	416	星球家园	0	0	0	0	800	50	800
-1	4	星球家园	417	星球家园	0	0	0	0	800	50	800
-1	4	星球家园	418	星球家园	0	0	0	0	800	50	800
-1	4	星球家园	419	星球家园	0	0	0	0	800	50	800
-1	4	星球家园	420	星球家园	0	0	0	0	800	50	800
-1	5	教堂	501	教堂	0	0	0	0	500	50	200
-1	6	剧情任务	601	剧情任务1	0	0	0	0	800	50	800
-1	6	剧情任务	602	剧情任务2	0	0	0	0	800	50	800
-1	6	剧情任务	603	剧情任务3	0	0	0	0	800	50	800
-1	6	剧情任务	604	剧情任务4	0	0	0	0	800	50	800
-1	6	剧情任务	605	剧情任务5	0	0	0	0	800	50	800
-1	6	剧情任务	606	剧情任务6	0	0	0	0	800	50	800
-1	6	剧情任务	607	剧情任务7	0	0	0	0	800	50	800
-1	6	剧情任务	608	剧情任务8	0	0	0	0	800	50	800
-1	6	剧情任务	609	剧情任务9	0	0	0	0	800	50	800
-1	6	剧情任务	610	剧情任务10	0	0	0	0	800	50	800
-1	6	剧情任务	611	剧情任务11	0	0	0	0	800	50	800
-1	6	剧情任务	612	剧情任务12	0	0	0	0	800	50	800
-1	6	剧情任务	613	剧情任务13	0	0	0	0	800	50	800
-1	6	剧情任务	614	剧情任务14	0	0	0	0	800	50	800
-1	6	剧情任务	615	剧情任务15	0	0	0	0	800	50	800
-1	6	剧情任务	616	剧情任务16	0	0	0	0	800	50	800
-1	6	剧情任务	617	剧情任务17	0	0	0	0	800	50	800
-1	6	剧情任务	618	剧情任务18	0	0	0	0	800	50	800
-1	6	剧情任务	619	剧情任务19	0	0	0	0	800	50	800
-1	6	剧情任务	620	剧情任务20	0	0	0	0	800	50	800
-1	7	游乐场	701	游乐场	0	0	0	0	500	50	200
-1	8	副本	801	副本01	0	0	0	0	500	50	400
-1	8	副本	802	副本02	0	0	0	0	500	50	400
-1	8	副本	803	副本03	0	0	0	0	500	50	400
