GateID	GamePlay	PlayMode	TaskID	IndexNum
257	3	0	1035001	0
258	3	0	1035101	0
4353	1	0	1030001	0
4353	1	1	1030501	0
4353	2	0	1030719	0
4353	2	1	1030734	0
4353	3	0	1030002	0
4353	3	1	1030502	0
4354	1	0	1030003	0
4354	1	1	1030503	0
4354	2	0	1030720	0
4354	2	1	1030735	0
4354	3	0	1030004	0
4354	3	1	1030504	0
4355	1	0	1030005	0
4355	1	1	1030505	0
4355	2	0	1030721	0
4355	2	1	1030736	0
4355	3	0	1030006	0
4355	3	1	1030506	0
4356	1	0	1030007	0
4356	1	1	1030507	0
4356	2	0	1030722	0
4356	2	1	1030737	0
4356	3	0	1030008	0
4356	3	1	1030508	0
4357	1	0	1030009	0
4357	1	1	1030509	0
4357	2	0	1030723	0
4357	2	1	1030738	0
4357	3	0	1030010	0
4357	3	1	1030510	0
4609	1	0	1030011	0
4609	1	1	1030511	0
4609	2	0	1030724	0
4609	2	1	1030739	0
4609	3	0	1030012	0
4609	3	1	1030512	0
4610	1	0	1030013	0
4610	1	1	1030513	0
4610	2	0	1030725	0
4610	2	1	1030740	0
4610	3	0	1030014	0
4610	3	1	1030514	0
4611	1	0	1030015	0
4611	1	1	1030515	0
4611	2	0	1030726	0
4611	2	1	1030741	0
4611	3	0	1030016	0
4611	3	1	1030516	0
4612	1	0	1030017	0
4612	1	1	1030517	0
4612	2	0	1030727	0
4612	2	1	1030742	0
4612	3	0	1030018	0
4612	3	1	1030518	0
4613	1	0	1030019	0
4613	1	1	1030519	0
4613	2	0	1030728	0
4613	2	1	1030743	0
4613	3	0	1030020	0
4613	3	1	1030520	0
4865	1	0	1030022	0
4865	1	1	1030522	0
4865	2	0	1030729	0
4865	2	1	1030744	0
4865	3	0	1030021	0
4865	3	1	1030521	0
4866	1	0	1030023	0
4866	1	1	1030523	0
4866	2	0	1030730	0
4866	2	1	1030745	0
4866	3	0	1030024	0
4866	3	1	1030524	0
4867	1	0	1030025	0
4867	1	1	1030525	0
4867	2	0	1030731	0
4867	2	1	1030746	0
4867	3	0	1030026	0
4867	3	1	1030526	0
4868	1	0	1030027	0
4868	1	1	1030527	0
4868	2	0	1030732	0
4868	2	1	1030747	0
4868	3	0	1030028	0
4868	3	1	1030528	0
4869	1	0	1030029	0
4869	1	1	1030529	0
4869	2	0	1030733	0
4869	2	1	1030748	0
4869	3	0	1030030	0
4869	3	1	1030530	0
8449	1	0	1030031	0
8449	1	1	1030531	0
8449	2	0	1030749	0
8449	2	1	1030764	0
8449	3	0	1030032	0
8449	3	1	1030532	0
8450	1	0	1030033	0
8450	1	1	1030533	0
8450	2	0	1030750	0
8450	2	1	1030765	0
8450	3	0	1030034	0
8450	3	1	1030534	0
8451	1	0	1030035	0
8451	1	1	1030535	0
8451	2	0	1030751	0
8451	2	1	1030766	0
8451	3	0	1030036	0
8451	3	1	1030536	0
8452	1	0	1030037	0
8452	1	1	1030537	0
8452	2	0	1030752	0
8452	2	1	1030767	0
8452	3	0	1030038	0
8452	3	1	1030538	0
8453	1	0	1030039	0
8453	1	1	1030539	0
8453	2	0	1030753	0
8453	2	1	1030768	0
8453	3	0	1030040	0
8453	3	1	1030540	0
8705	1	0	1030041	0
8705	1	1	1030541	0
8705	2	0	1030754	0
8705	2	1	1030769	0
8705	3	0	1030042	0
8705	3	1	1030542	0
8706	1	0	1030043	0
8706	1	1	1030543	0
8706	2	0	1030755	0
8706	2	1	1030770	0
8706	3	0	1030044	0
8706	3	1	1030544	0
8707	1	0	1030045	0
8707	1	1	1030545	0
8707	2	0	1030756	0
8707	2	1	1030771	0
8707	3	0	1030046	0
8707	3	1	1030546	0
8708	1	0	1030047	0
8708	1	1	1030547	0
8708	2	0	1030757	0
8708	2	1	1030772	0
8708	3	0	1030048	0
8708	3	1	1030548	0
8709	1	0	1030049	0
8709	1	1	1030549	0
8709	2	0	1030758	0
8709	2	1	1030773	0
8709	3	0	1030050	0
8709	3	1	1030550	0
8961	1	0	1030052	0
8961	1	1	1030552	0
8961	2	0	1030759	0
8961	2	1	1030774	0
8961	3	0	1030051	0
8961	3	1	1030551	0
8962	1	0	1030053	0
8962	1	1	1030553	0
8962	2	0	1030760	0
8962	2	1	1030775	0
8962	3	0	1030054	0
8962	3	1	1030554	0
8963	1	0	1030055	0
8963	1	1	1030555	0
8963	2	0	1030761	0
8963	2	1	1030776	0
8963	3	0	1030056	0
8963	3	1	1030556	0
8964	1	0	1030057	0
8964	1	1	1030557	0
8964	2	0	1030762	0
8964	2	1	1030777	0
8964	3	0	1030058	0
8964	3	1	1030558	0
8965	1	0	1030059	0
8965	1	1	1030559	0
8965	2	0	1030763	0
8965	2	1	1030778	0
8965	3	0	1030060	0
8965	3	1	1030560	0
12545	1	0	1030061	0
12545	1	1	1030561	0
12545	2	0	1030779	0
12545	2	1	1030797	0
12545	3	0	1030062	0
12545	3	1	1030562	0
12546	1	0	1030063	0
12546	1	1	1030563	0
12546	2	0	1030780	0
12546	2	1	1030798	0
12546	3	0	1030064	0
12546	3	1	1030564	0
12547	1	0	1030065	0
12547	1	1	1030565	0
12547	2	0	1030781	0
12547	2	1	1030799	0
12547	3	0	1030066	0
12547	3	1	1030566	0
12548	1	0	1030067	0
12548	1	1	1030567	0
12548	2	0	1030782	0
12548	2	1	1030800	0
12548	3	0	1030068	0
12548	3	1	1030568	0
12549	1	0	1030069	0
12549	1	1	1030569	0
12549	2	0	1030783	0
12549	2	1	1030801	0
12549	3	0	1030070	0
12549	3	1	1030570	0
12550	1	0	1030071	0
12550	1	1	1030571	0
12550	2	0	1030784	0
12550	2	1	1030802	0
12550	3	0	1030072	0
12550	3	1	1030572	0
12801	1	0	1030073	0
12801	1	1	1030573	0
12801	2	0	1030785	0
12801	2	1	1030803	0
12801	3	0	1030074	0
12801	3	1	1030574	0
12802	1	0	1030075	0
12802	1	1	1030575	0
12802	2	0	1030786	0
12802	2	1	1030804	0
12802	3	0	1030076	0
12802	3	1	1030576	0
12803	1	0	1030077	0
12803	1	1	1030577	0
12803	2	0	1030787	0
12803	2	1	1030805	0
12803	3	0	1030078	0
12803	3	1	1030578	0
12804	1	0	1030079	0
12804	1	1	1030579	0
12804	2	0	1030788	0
12804	2	1	1030806	0
12804	3	0	1030080	0
12804	3	1	1030580	0
12805	1	0	1030081	0
12805	1	1	1030581	0
12805	2	0	1030789	0
12805	2	1	1030807	0
12805	3	0	1030082	0
12805	3	1	1030582	0
12806	1	0	1030083	0
12806	1	1	1030583	0
12806	2	0	1030790	0
12806	2	1	1030808	0
12806	3	0	1030084	0
12806	3	1	1030584	0
13057	1	0	1030085	0
13057	1	1	1030585	0
13057	2	0	1030791	0
13057	2	1	1030809	0
13057	3	0	1030086	0
13057	3	1	1030586	0
13058	1	0	1030087	0
13058	1	1	1030587	0
13058	2	0	1030792	0
13058	2	1	1030810	0
13058	3	0	1030088	0
13058	3	1	1030588	0
13059	1	0	1030089	0
13059	1	1	1030589	0
13059	2	0	1030793	0
13059	2	1	1030811	0
13059	3	0	1030090	0
13059	3	1	1030590	0
13060	1	0	1030091	0
13060	1	1	1030591	0
13060	2	0	1030794	0
13060	2	1	1030812	0
13060	3	0	1030092	0
13060	3	1	1030592	0
13061	1	0	1030093	0
13061	1	1	1030593	0
13061	2	0	1030795	0
13061	2	1	1030813	0
13061	3	0	1030094	0
13061	3	1	1030594	0
13062	1	0	1030095	0
13062	1	1	1030595	0
13062	2	0	1030796	0
13062	2	1	1030814	0
13062	3	0	1030096	0
13062	3	1	1030596	0
16641	1	0	1030101	0
16641	1	1	1030601	0
16641	2	0	1030815	0
16641	2	1	1030833	0
16641	3	0	1030201	0
16641	3	1	1030701	0
16642	1	0	1030102	0
16642	1	1	1030602	0
16642	2	0	1030816	0
16642	2	1	1030834	0
16642	3	0	1030202	0
16642	3	1	1030702	0
16643	1	0	1030103	0
16643	1	1	1030603	0
16643	2	0	1030817	0
16643	2	1	1030835	0
16643	3	0	1030203	0
16643	3	1	1030703	0
16644	1	0	1030104	0
16644	1	1	1030604	0
16644	2	0	1030818	0
16644	2	1	1030836	0
16644	3	0	1030204	0
16644	3	1	1030704	0
16645	1	0	1030105	0
16645	1	1	1030605	0
16645	2	0	1030819	0
16645	2	1	1030837	0
16645	3	0	1030205	0
16645	3	1	1030705	0
16646	1	0	1030106	0
16646	1	1	1030606	0
16646	2	0	1030820	0
16646	2	1	1030838	0
16646	3	0	1030206	0
16646	3	1	1030706	0
16897	1	0	1030107	0
16897	1	1	1030607	0
16897	2	0	1030821	0
16897	2	1	1030839	0
16897	3	0	1030207	0
16897	3	1	1030707	0
16898	1	0	1030108	0
16898	1	1	1030608	0
16898	2	0	1030822	0
16898	2	1	1030840	0
16898	3	0	1030208	0
16898	3	1	1030708	0
16899	1	0	1030109	0
16899	1	1	1030609	0
16899	2	0	1030823	0
16899	2	1	1030841	0
16899	3	0	1030209	0
16899	3	1	1030709	0
16900	1	0	1030110	0
16900	1	1	1030610	0
16900	2	0	1030824	0
16900	2	1	1030842	0
16900	3	0	1030210	0
16900	3	1	1030710	0
16901	1	0	1030111	0
16901	1	1	1030611	0
16901	2	0	1030825	0
16901	2	1	1030843	0
16901	3	0	1030211	0
16901	3	1	1030711	0
16902	1	0	1030112	0
16902	1	1	1030612	0
16902	2	0	1030826	0
16902	2	1	1030844	0
16902	3	0	1030212	0
16902	3	1	1030712	0
17153	1	0	1030113	0
17153	1	1	1030613	0
17153	2	0	1030827	0
17153	2	1	1030845	0
17153	3	0	1030213	0
17153	3	1	1030713	0
17154	1	0	1030114	0
17154	1	1	1030614	0
17154	2	0	1030828	0
17154	2	1	1030846	0
17154	3	0	1030214	0
17154	3	1	1030714	0
17155	1	0	1030115	0
17155	1	1	1030615	0
17155	2	0	1030829	0
17155	2	1	1030847	0
17155	3	0	1030215	0
17155	3	1	1030715	0
17156	1	0	1030116	0
17156	1	1	1030616	0
17156	2	0	1030830	0
17156	2	1	1030848	0
17156	3	0	1030216	0
17156	3	1	1030716	0
17157	1	0	1030117	0
17157	1	1	1030617	0
17157	2	0	1030831	0
17157	2	1	1030849	0
17157	3	0	1030217	0
17157	3	1	1030717	0
17158	1	0	1030118	0
17158	1	1	1030618	0
17158	2	0	1030832	0
17158	2	1	1030850	0
17158	3	0	1030218	0
17158	3	1	1030718	0
20737	1	0	1030851	0
20737	1	1	1030893	0
20737	2	0	1030935	0
20737	2	1	1030956	0
20737	3	0	1030872	0
20737	3	1	1030914	0
20738	1	0	1030852	0
20738	1	1	1030894	0
20738	2	0	1030936	0
20738	2	1	1030957	0
20738	3	0	1030873	0
20738	3	1	1030915	0
20739	1	0	1030853	0
20739	1	1	1030895	0
20739	2	0	1030937	0
20739	2	1	1030958	0
20739	3	0	1030874	0
20739	3	1	1030916	0
20740	1	0	1030854	0
20740	1	1	1030896	0
20740	2	0	1030938	0
20740	2	1	1030959	0
20740	3	0	1030875	0
20740	3	1	1030917	0
20741	1	0	1030855	0
20741	1	1	1030897	0
20741	2	0	1030939	0
20741	2	1	1030960	0
20741	3	0	1030876	0
20741	3	1	1030918	0
20742	1	0	1030856	0
20742	1	1	1030898	0
20742	2	0	1030940	0
20742	2	1	1030961	0
20742	3	0	1030877	0
20742	3	1	1030919	0
20743	1	0	1030857	0
20743	1	1	1030899	0
20743	2	0	1030941	0
20743	2	1	1030962	0
20743	3	0	1030878	0
20743	3	1	1030920	0
20993	1	0	1030858	0
20993	1	1	1030900	0
20993	2	0	1030942	0
20993	2	1	1030963	0
20993	3	0	1030879	0
20993	3	1	1030921	0
20994	1	0	1030859	0
20994	1	1	1030901	0
20994	2	0	1030943	0
20994	2	1	1030964	0
20994	3	0	1030880	0
20994	3	1	1030922	0
20995	1	0	1030860	0
20995	1	1	1030902	0
20995	2	0	1030944	0
20995	2	1	1030965	0
20995	3	0	1030881	0
20995	3	1	1030923	0
20996	1	0	1030861	0
20996	1	1	1030903	0
20996	2	0	1030945	0
20996	2	1	1030966	0
20996	3	0	1030882	0
20996	3	1	1030924	0
20997	1	0	1030862	0
20997	1	1	1030904	0
20997	2	0	1030946	0
20997	2	1	1030967	0
20997	3	0	1030883	0
20997	3	1	1030925	0
20998	1	0	1030863	0
20998	1	1	1030905	0
20998	2	0	1030947	0
20998	2	1	1030968	0
20998	3	0	1030884	0
20998	3	1	1030926	0
20999	1	0	1030864	0
20999	1	1	1030906	0
20999	2	0	1030948	0
20999	2	1	1030969	0
20999	3	0	1030885	0
20999	3	1	1030927	0
21249	1	0	1030865	0
21249	1	1	1030907	0
21249	2	0	1030949	0
21249	2	1	1030970	0
21249	3	0	1030886	0
21249	3	1	1030928	0
21250	1	0	1030866	0
21250	1	1	1030908	0
21250	2	0	1030950	0
21250	2	1	1030971	0
21250	3	0	1030887	0
21250	3	1	1030929	0
21251	1	0	1030867	0
21251	1	1	1030909	0
21251	2	0	1030951	0
21251	2	1	1030972	0
21251	3	0	1030888	0
21251	3	1	1030930	0
21252	1	0	1030868	0
21252	1	1	1030910	0
21252	2	0	1030952	0
21252	2	1	1030973	0
21252	3	0	1030889	0
21252	3	1	1030931	0
21253	1	0	1030869	0
21253	1	1	1030911	0
21253	2	0	1030953	0
21253	2	1	1030974	0
21253	3	0	1030890	0
21253	3	1	1030932	0
21254	1	0	1030870	0
21254	1	1	1030912	0
21254	2	0	1030954	0
21254	2	1	1030975	0
21254	3	0	1030891	0
21254	3	1	1030933	0
21255	1	0	1030871	0
21255	1	1	1030913	0
21255	2	0	1030955	0
21255	2	1	1030976	0
21255	3	0	1030892	0
21255	3	1	1030934	0
