ListID	LevelBegin	LevelEnd	taskID	taskType	priority
1	20	40	1080001	1	20
2	41	60	1080002	1	20
3	61	80	1080003	1	20
4	81	100	1080004	1	20
5	101	120	1080005	1	20
6	200	400	1080006	1	20
7	20	400	1080007	1	20
21	20	30	1080008	2	20
22	20	30	1080022	2	20
23	20	30	1080023	2	20
24	30	40	1080024	2	20
25	30	400	1080025	2	20
26	30	400	1080026	2	20
41	20	30	1080016	3	20
42	20	30	1080017	3	20
43	20	30	1080018	3	20
44	30	40	1080019	3	20
45	30	400	1080020	3	20
46	30	400	1080021	3	10
220	20	29	1080513	0	45
221	20	39	1080514	0	45
222	30	49	1080515	0	45
223	40	59	1080516	0	45
224	50	69	1080517	0	45
225	60	79	1080518	0	45
226	70	400	1080519	0	45
227	20	29	1080520	0	20
228	20	39	1080521	0	20
229	30	49	1080522	0	20
230	40	59	1080523	0	20
231	50	69	1080524	0	20
801	20	400	1080055	4	20
802	20	400	1080103	5	100
901	20	400	1080058	0	10
902	20	400	1080057	0	10
903	20	400	1080059	0	10
904	20	400	1080056	0	20
905	20	400	1080060	0	100
1001	20	30	1080048	0	10
1002	20	30	1080049	0	10
1003	20	30	1080050	0	20
1004	30	40	1080051	0	20
1005	30	400	1080052	0	20
1006	30	400	1080053	0	20
2001	20	30	1080042	0	10
2002	20	30	1080043	0	30
2003	30	40	1080044	0	20
2004	30	400	1080045	0	40
2005	30	400	1080046	0	20
2006	30	400	1080047	0	20
3001	20	30	1080027	0	20
3002	20	30	1080028	0	30
3003	20	30	1080029	0	20
3004	30	40	1080030	0	20
3005	30	400	1080031	0	30
3006	30	400	1080032	0	10
4001	20	30	1080033	0	20
4002	20	30	1080034	0	60
4003	20	40	1080035	0	20
4004	30	400	1080036	0	30
4005	30	400	1080037	0	20
5001	20	30	1080038	0	20
5002	30	40	1080039	0	30
5003	40	60	1080040	0	40
5004	60	400	1080041	0	40
6001	20	29	1080061	0	20
6002	20	39	1080062	0	35
6003	30	49	1080063	0	35
6004	40	59	1080064	0	35
6005	50	69	1080065	0	35
6006	60	79	1080066	0	35
6007	70	400	1080067	0	35
6008	20	29	1080068	0	45
6009	20	39	1080069	0	45
6010	30	49	1080070	0	45
6011	40	59	1080071	0	45
6012	50	69	1080072	0	45
6013	60	79	1080073	0	45
6014	70	400	1080074	0	45
6015	20	29	1080075	0	20
6016	20	39	1080076	0	20
6017	30	49	1080077	0	20
6018	40	59	1080078	0	20
6019	50	69	1080079	0	20
6020	60	79	1080080	0	20
6021	70	400	1080081	0	20
7001	20	29	1080082	0	35
7002	20	39	1080083	0	35
7003	30	49	1080084	0	35
7004	40	59	1080085	0	35
7005	50	69	1080086	0	35
7006	60	79	1080087	0	35
7007	60	79	1080088	0	35
7008	20	29	1080089	0	45
7009	20	39	1080090	0	45
7010	30	49	1080091	0	45
7011	40	49	1080092	0	45
7012	50	69	1080093	0	45
7013	60	79	1080094	0	45
7014	70	400	1080095	0	45
7015	20	29	1080096	0	20
7016	20	39	1080097	0	20
7017	30	49	1080098	0	20
7018	40	59	1080099	0	20
7020	60	79	1080101	0	20
7021	50	69	1080100	0	20
7022	70	400	1080102	0	20
8001	20	40	1080104	0	20
8002	40	59	1080106	0	40
8003	30	49	1080105	0	40
8004	50	69	1080107	0	50
8005	60	79	1080108	0	60
8006	70	400	1080109	0	50
9001	20	39	1080009	0	20
9002	30	49	1080010	0	30
9003	40	59	1080011	0	40
9004	50	69	1080012	0	50
9006	60	79	1080013	0	50
9007	70	400	1080014	0	50
9008	20	20	1080015	0	0
10001	20	39	1080110	0	20
10002	20	59	1080111	0	30
10003	20	400	1080112	0	20
