ListID	LevelBegin	LevelEnd	taskID	taskType	priority
1	20	400	1090105	1	20
2	20	400	1090104	1	20
3	20	400	1090103	1	20
4	20	400	1090102	1	20
5	20	400	1090101	1	20
51	101	400	1090050	2	40
52	101	400	1090049	2	40
53	101	400	1090048	2	40
54	101	400	1090047	2	40
55	101	400	1090046	2	40
56	81	400	1090045	2	40
57	81	400	1090044	2	40
58	81	400	1090043	2	40
59	81	400	1090042	2	40
60	81	400	1090041	2	40
61	61	80	1090040	2	40
62	61	80	1090039	2	40
63	61	80	1090038	2	40
64	61	80	1090037	2	40
65	61	80	1090036	2	40
66	41	60	1090035	2	40
67	41	60	1090034	2	40
68	41	60	1090033	2	40
69	41	60	1090032	2	40
70	41	60	1090031	2	40
71	20	40	1090030	2	40
72	20	40	1090029	2	40
73	20	40	1090028	2	40
74	20	40	1090027	2	40
75	20	40	1090026	2	40
101	101	400	1090025	3	40
102	101	400	1090024	3	40
103	101	400	1090023	3	40
104	101	400	1090022	3	40
105	101	400	1090021	3	40
106	81	100	1090020	3	40
107	81	100	1090019	3	40
108	81	100	1090018	3	40
109	81	100	1090017	3	40
110	81	100	1090016	3	40
111	61	80	1090015	3	40
112	61	80	1090014	3	40
113	61	80	1090013	3	40
114	61	80	1090012	3	40
115	61	80	1090011	3	40
116	41	60	1090010	3	40
117	41	60	1090009	3	40
118	41	60	1090008	3	40
119	41	60	1090007	3	40
120	41	60	1090006	3	40
121	20	40	1090005	3	40
123	20	40	1090003	3	40
124	20	40	1090002	3	40
125	20	40	1090001	3	40
126	20	40	1090004	3	40
200	20	40	1090106	7	40
201	20	40	1090107	7	40
202	20	40	1090108	7	40
203	20	40	1090109	7	40
204	41	60	1090110	7	40
205	41	60	1090111	7	40
206	41	60	1090112	7	40
207	41	60	1090113	7	40
208	61	80	1090114	7	40
209	61	80	1090115	7	40
210	61	80	1090116	7	40
211	61	80	1090117	7	40
212	81	100	1090118	7	40
213	81	100	1090119	7	40
214	81	100	1090120	7	40
215	81	100	1090121	7	40
216	101	400	1090122	7	40
217	101	400	1090123	7	40
218	101	400	1090124	7	40
219	101	400	1090125	7	40
1001	1	10	1070001	1	40
2001	1	10	1070002	1	40
3001	3	10	1070003	1	40
4001	3	10	1070004	1	40
5001	1	10	1070005	1	20
6001	1	10	1070006	1	20
7001	1	10	1070007	1	20
8001	1	10	1070008	1	20
9001	1	10	1070009	1	20
10001	2	10	1070010	1	40
100001	1	400	1100001	0	40
100002	1	400	1100002	1	40
100003	1	400	1100003	2	40
100004	1	400	1100004	3	40
100005	1	400	1100005	4	40
100101	1	400	1200001	0	40
100102	1	400	1200002	1	40
100103	1	400	1200003	2	40
100104	1	400	1200004	3	40
100105	1	400	1200005	4	30
100106	1	400	1200006	5	30
100107	1	400	1200007	6	10
100201	1	400	1130001	0	40
100202	1	400	1130002	1	40
100203	1	400	1130003	2	40
100204	1	400	1130004	3	40
100205	1	400	1130005	4	40
