zoneid	id	filename	version	bpm	style	type
-1	1000	h03313_112	0	112	0	0
-1	1001	h03314_112	0	112	0	0
-1	1002	h03315_112	0	112	0	0
-1	1003	h03316_112	0	112	0	0
-1	1004	h03317_112	0	112	0	0
-1	1005	h03318_112	0	112	0	0
-1	1006	h03319_112	0	112	0	0
-1	1007	h03320_112	0	112	0	0
-1	1008	h03321_112	0	112	0	0
-1	1009	h03322_112	0	112	0	0
-1	101	h03476_53	0	53	0	0
-1	1010	h03323_112	0	112	0	0
-1	1011	h03324_112	0	112	0	0
-1	1012	h03325_112	0	112	0	0
-1	1013	h03326_112	0	112	0	0
-1	1014	h03327_112	0	112	0	0
-1	1015	h03328_112	0	112	0	0
-1	1016	h03329_112	0	112	0	0
-1	1017	h03330_112	0	112	0	0
-1	1018	h03331_112	0	112	0	0
-1	1019	h03332_112	0	112	0	0
-1	102	h03477_53	0	53	0	0
-1	1020	h03333_112	0	112	0	0
-1	1021	h03335_112	0	112	0	0
-1	1022	h03336_112	0	112	0	0
-1	1023	h03337_112	0	112	0	0
-1	1024	h03338_112	0	112	0	0
-1	1025	h03339_112	0	112	0	0
-1	1026	h03340_112	0	112	0	0
-1	1027	h03341_112	0	112	0	0
-1	1028	h03342_112	0	112	0	0
-1	1029	h03343_112	0	112	0	0
-1	103	h03478_53	0	53	0	0
-1	1030	h03344_112	0	112	0	0
-1	1031	h03345_112	0	112	0	0
-1	1032	h03346_112	0	112	0	0
-1	1033	h03347_112	0	112	0	0
-1	1034	h03348_112	0	112	0	0
-1	1035	h03349_112	0	112	0	0
-1	1036	h03350_112	0	112	0	0
-1	1037	h03351_112	0	112	0	0
-1	1038	h03352_112	0	112	0	0
-1	1039	h03353_112	0	112	0	0
-1	104	h03479_53	0	53	0	0
-1	1040	h03354_112	0	112	0	0
-1	1041	h03355_112	0	112	0	0
-1	1042	n001165_112	0	112	0	0
-1	1043	n001166_112	0	112	0	0
-1	1044	n001167_112	0	112	0	0
-1	1045	n001168_112	0	112	0	0
-1	1046	n001169_112	0	112	0	0
-1	1047	n001170_112	0	112	0	0
-1	1048	n001171_112	0	112	0	0
-1	1049	n001172_112	0	112	0	0
-1	105	h03480_53	0	53	0	0
-1	1050	n001173_112	0	112	0	0
-1	1051	n001174_112	0	112	0	0
-1	1052	n001175_112	0	112	0	0
-1	1053	n001176_112	0	112	0	0
-1	1054	n001177_112	0	112	0	0
-1	1055	n001178_112	0	112	0	0
-1	1056	n001179_112	0	112	0	0
-1	1057	n001180_112	0	112	0	0
-1	1058	n001181_112	0	112	0	0
-1	1059	n001182_112	0	112	0	0
-1	106	h03481_53	0	53	0	0
-1	1060	n001183_112	0	112	0	0
-1	1061	n001184_112	0	112	0	0
-1	1062	n001185_112	0	112	0	0
-1	1063	n001186_112	0	112	0	0
-1	1064	n001187_112	0	112	0	0
-1	1065	n001188_112	0	112	0	0
-1	1066	n001189_112	0	112	0	0
-1	1067	n001190_112	0	112	0	0
-1	1068	n001191_112	0	112	0	0
-1	1069	n001192_112	0	112	0	0
-1	107	h03482_53	0	53	0	0
-1	1070	n001193_112	0	112	0	0
-1	1071	n001194_112	0	112	0	0
-1	1072	n001195_112	0	112	0	0
-1	1073	n001196_112	0	112	0	0
-1	1074	n001197_112	0	112	0	0
-1	1075	n001198_112	0	112	0	0
-1	1076	n00413_112	0	112	0	0
-1	1077	n00414_112	0	112	0	0
-1	1078	n00415_112	0	112	0	0
-1	1079	n00416_112	0	112	0	0
-1	108	h03483_53	0	53	0	0
-1	1080	n00417_112	0	112	0	0
-1	1081	n00418_112	0	112	0	0
-1	1082	n00419_112	0	112	0	0
-1	1083	n00420_112	0	112	0	0
-1	1084	n00421_112	0	112	0	0
-1	1085	n00422_112	0	112	0	0
-1	1086	n00423_112	0	112	0	0
-1	1087	n00424_112	0	112	0	0
-1	1088	n00425_112	0	112	0	0
-1	1089	n00426_112	0	112	0	0
-1	109	h03484_53	0	53	0	0
-1	1090	n00427_112	0	112	0	0
-1	1091	n00428_112	0	112	0	0
-1	1092	n00429_112	0	112	0	0
-1	1093	n00430_112	0	112	0	0
-1	1094	n00431_112	0	112	0	0
-1	1095	n00432_112	0	112	0	0
-1	1096	n00433_112	0	112	0	0
-1	1097	n00434_112	0	112	0	0
-1	1098	n00435_112	0	112	0	0
-1	1099	n00436_112	0	112	0	0
-1	110	h03485_53	0	53	0	0
-1	1100	n00437_112	0	112	0	0
-1	1101	n00438_112	0	112	0	0
-1	1102	n00439_112	0	112	0	0
-1	1103	n00440_112	0	112	0	0
-1	1104	n00441_112	0	112	0	0
-1	1105	n00442_112	0	112	0	0
-1	1106	p01703_112	0	112	0	0
-1	1107	p01704_112	0	112	0	0
-1	1108	p01705_112	0	112	0	0
-1	1109	p01706_112	0	112	0	0
-1	111	h03486_53	0	53	0	0
-1	1110	p01707_112	0	112	0	0
-1	1111	p01708_112	0	112	0	0
-1	1112	p01709_112	0	112	0	0
-1	1113	p01710_112	0	112	0	0
-1	1114	p01711_112	0	112	0	0
-1	1115	p01712_112	0	112	0	0
-1	1116	p01713_112	0	112	0	0
-1	1117	p01817_112	0	112	0	0
-1	1118	dod1401_114	0	114	0	0
-1	1119	dod1402_114	0	114	0	0
-1	112	h03487_53	0	53	0	0
-1	1120	dod1403_114	0	114	0	0
-1	1121	dod1404_114	0	114	0	0
-1	1122	dod1405_114	0	114	0	0
-1	1123	dod1406_114	0	114	0	0
-1	1124	dod1407_114	0	114	0	0
-1	1125	dod1408_114	0	114	0	0
-1	1126	dod1409_114	0	114	0	0
-1	1127	dod1410_114	0	114	0	0
-1	1128	dod1411_114	0	114	0	0
-1	1129	dod1412_114	0	114	0	0
-1	113	h03488_53	0	53	0	0
-1	1130	dod1413_114	0	114	0	0
-1	1131	dod1414_114	0	114	0	0
-1	1132	dod1415_114	0	114	0	0
-1	1133	dod1416_114	0	114	0	0
-1	1134	dod1501_114	0	114	0	0
-1	1135	dod1502_114	0	114	0	0
-1	1136	dod1503_114	0	114	0	0
-1	1137	dod1504_114	0	114	0	0
-1	1138	dod1505_114	0	114	0	0
-1	1139	dod1506_114	0	114	0	0
-1	114	h03489_53	0	53	0	0
-1	1140	dod1507_114	0	114	0	0
-1	1141	dod1508_114	0	114	0	0
-1	1142	dod1601_114	0	114	0	0
-1	1143	dod1602_114	0	114	0	0
-1	1144	dod1603_114	0	114	0	0
-1	1145	dod1604_114	0	114	0	0
-1	1146	dod1605_114	0	114	0	0
-1	1147	dod1606_114	0	114	0	0
-1	1148	dod1607_114	0	114	0	0
-1	1149	dod1608_114	0	114	0	0
-1	115	h03490_53	0	53	0	0
-1	1150	dod1609_114	0	114	0	0
-1	1151	dod1610_114	0	114	0	0
-1	1152	dod1611_114	0	114	0	0
-1	1153	dod1612_114	0	114	0	0
-1	1154	dod1613_114	0	114	0	0
-1	1155	dod1614_114	0	114	0	0
-1	1156	dod1615_114	0	114	0	0
-1	1157	dod1616_114	0	114	0	0
-1	1158	h01909_114	0	114	0	0
-1	1159	h01910_114	0	114	0	0
-1	116	h03491_53	0	53	0	0
-1	1160	h01911_114	0	114	0	0
-1	1161	h01912_114	0	114	0	0
-1	1162	h01913_114	0	114	0	0
-1	1163	n01228_114	0	114	0	0
-1	1164	n01229_114	0	114	0	0
-1	1165	n01230_114	0	114	0	0
-1	1166	n01231_114	0	114	0	0
-1	1167	n01232_114	0	114	0	0
-1	1168	n01233_114	0	114	0	0
-1	1169	n01252_114	0	114	0	0
-1	117	h03492_53	0	53	0	0
-1	1170	n01253_114	0	114	0	0
-1	1171	n01254_114	0	114	0	0
-1	1172	n01255_114	0	114	0	0
-1	1173	n01256_114	0	114	0	0
-1	1174	n01257_114	0	114	0	0
-1	1175	h01496_115	0	115	0	0
-1	1176	h01497_115	0	115	0	0
-1	1177	h01498_115	0	115	0	0
-1	1178	h01499_115	0	115	0	0
-1	1179	h01500_115	0	115	0	0
-1	118	h03493_53	0	53	0	0
-1	1180	h01501_115	0	115	0	0
-1	1181	h01502_115	0	115	0	0
-1	1182	h01503_115	0	115	0	0
-1	1183	h01504_115	0	115	0	0
-1	1184	h01505_115	0	115	0	0
-1	1185	h01506_115	0	115	0	0
-1	1186	h01507_115	0	115	0	0
-1	1187	h01508_115	0	115	0	0
-1	1188	h01509_115	0	115	0	0
-1	1189	h01510_115	0	115	0	0
-1	119	h03494_53	0	53	0	0
-1	1190	h01511_115	0	115	0	0
-1	1191	h01512_115	0	115	0	0
-1	1192	h01513_115	0	115	0	0
-1	1193	h01514_115	0	115	0	0
-1	1194	h01515_115	0	115	0	0
-1	1195	h01522_115	0	115	0	0
-1	1196	h01523_115	0	115	0	0
-1	1197	h01524_115	0	115	0	0
-1	1198	h01525_115	0	115	0	0
-1	1199	h01526_115	0	115	0	0
-1	120	h03495_53	0	53	0	0
-1	1200	h01527_115	0	115	0	0
-1	1201	h01528_115	0	115	0	0
-1	1202	h01637_115	0	115	0	0
-1	1203	h01638_115	0	115	0	0
-1	1204	h01639_115	0	115	0	0
-1	1205	h01640_115	0	115	0	0
-1	1206	h01641_115	0	115	0	0
-1	1207	h01642_115	0	115	0	0
-1	1208	h01655_115	0	115	0	0
-1	1209	h01656_115	0	115	0	0
-1	121	h03496_53	0	53	0	0
-1	1210	h01657_115	0	115	0	0
-1	1211	h01658_115	0	115	0	0
-1	1212	h01659_115	0	115	0	0
-1	1213	h01660_115	0	115	0	0
-1	1214	h01661_115	0	115	0	0
-1	1215	h01662_115	0	115	0	0
-1	1216	h01663_115	0	115	0	0
-1	1217	h01664_115	0	115	0	0
-1	1218	h01665_115	0	115	0	0
-1	1219	h01666_115	0	115	0	0
-1	122	h03497_53	0	53	0	0
-1	1220	h01667_115	0	115	0	0
-1	1221	h03428_115	0	115	0	0
-1	1222	h03429_115	0	115	0	0
-1	1223	h03430_115	0	115	0	0
-1	1224	h03431_115	0	115	0	0
-1	1225	h03432_115	0	115	0	0
-1	1226	h03433_115	0	115	0	0
-1	1227	h03434_115	0	115	0	0
-1	1228	h03435_115	0	115	0	0
-1	1229	h03436_115	0	115	0	0
-1	123	h03498_53	0	53	0	0
-1	1230	h03437_115	0	115	0	0
-1	1231	h03438_115	0	115	0	0
-1	1232	h03449_115	0	115	0	0
-1	1233	h03450_115	0	115	0	0
-1	1234	h03451_115	0	115	0	0
-1	1235	h03452_115	0	115	0	0
-1	1236	h03453_115	0	115	0	0
-1	1237	h03454_115	0	115	0	0
-1	1238	h03455_115	0	115	0	0
-1	1239	h03456_115	0	115	0	0
-1	124	dod0204_61	0	61	0	0
-1	1240	h03457_115	0	115	0	0
-1	1241	h03458_115	0	115	0	0
-1	1242	h03460_115	0	115	0	0
-1	1243	h03461_115	0	115	0	0
-1	1244	h03462_115	0	115	0	0
-1	1245	h03463_115	0	115	0	0
-1	1246	h03464_115	0	115	0	0
-1	1247	h03465_115	0	115	0	0
-1	1248	h03466_115	0	115	0	0
-1	1249	h03467_115	0	115	0	0
-1	125	dod0205_61	0	61	0	0
-1	1250	h03468_115	0	115	0	0
-1	1251	h03469_115	0	115	0	0
-1	1252	h03470_115	0	115	0	0
-1	1253	h03471_115	0	115	0	0
-1	1254	h03472_115	0	115	0	0
-1	1255	h03473_115	0	115	0	0
-1	1256	h03474_115	0	115	0	0
-1	1257	h03475_115	0	115	0	0
-1	1258	dod3701_116	0	116	0	0
-1	1259	dod3702_116	0	116	0	0
-1	126	dod0206_61	0	61	0	0
-1	1260	dod3703_116	0	116	0	0
-1	1261	dod3704_116	0	116	0	0
-1	1262	dod3705_116	0	116	0	0
-1	1263	dod3706_116	0	116	0	0
-1	1264	dod3707_116	0	116	0	0
-1	1265	dod3708_116	0	116	0	0
-1	1266	dod3709_116	0	116	0	0
-1	1267	dod3710_116	0	116	0	0
-1	1268	dod3711_116	0	116	0	0
-1	1269	dod3712_116	0	116	0	0
-1	127	dod0207_61	0	61	0	0
-1	1270	dod3713_116	0	116	0	0
-1	1271	dod3714_116	0	116	0	0
-1	1272	dod3715_116	0	116	0	0
-1	1273	dod3716_116	0	116	0	0
-1	1274	h01943_117	0	117	0	0
-1	1275	h01944_117	0	117	0	0
-1	1276	h01945_117	0	117	0	0
-1	1277	h01956_117	0	117	0	0
-1	1278	dod1701_118	0	118	0	0
-1	1279	dod1702_118	0	118	0	0
-1	128	dod0208_61	0	61	0	0
-1	1280	dod1703_118	0	118	0	0
-1	1281	dod1704_118	0	118	0	0
-1	1282	dod1705_118	0	118	0	0
-1	1283	dod1706_118	0	118	0	0
-1	1284	dod1707_118	0	118	0	0
-1	1285	dod1708_118	0	118	0	0
-1	1286	dod1709_118	0	118	0	0
-1	1287	dod1710_118	0	118	0	0
-1	1288	dod1711_118	0	118	0	0
-1	1289	dod1712_118	0	118	0	0
-1	129	dod0209_61	0	61	0	0
-1	1290	dod1713_118	0	118	0	0
-1	1291	dod1714_118	0	118	0	0
-1	1292	dod1715_118	0	118	0	0
-1	1293	dod1716_118	0	118	0	0
-1	1294	dod1717_118	0	118	0	0
-1	1295	dod1718_118	0	118	0	0
-1	1296	dod1719_118	0	118	0	0
-1	1297	dod1720_118	0	118	0	0
-1	1298	h02519_118	0	118	0	0
-1	1299	h02520_118	0	118	0	0
-1	130	dod0210_61	0	61	0	0
-1	1300	h02521_118	0	118	0	0
-1	1301	h02522_118	0	118	0	0
-1	1302	h02523_118	0	118	0	0
-1	1303	h02524_118	0	118	0	0
-1	1304	h02525_118	0	118	0	0
-1	1305	h02526_118	0	118	0	0
-1	1306	h02527_118	0	118	0	0
-1	1307	h02528_118	0	118	0	0
-1	1308	h02529_118	0	118	0	0
-1	1309	h02530_118	0	118	0	0
-1	131	dod0211_61	0	61	0	0
-1	1310	h02531_118	0	118	0	0
-1	1311	h02532_118	0	118	0	0
-1	1312	h02533_118	0	118	0	0
-1	1313	h02534_118	0	118	0	0
-1	1314	h02535_118	0	118	0	0
-1	1315	h02536_118	0	118	0	0
-1	1316	h02537_118	0	118	0	0
-1	1317	h02538_118	0	118	0	0
-1	1318	h02539_118	0	118	0	0
-1	1319	h02540_118	0	118	0	0
-1	132	dod0212_61	0	61	0	0
-1	1320	h02541_118	0	118	0	0
-1	1321	h02542_118	0	118	0	0
-1	1322	h02543_118	0	118	0	0
-1	1323	h02544_118	0	118	0	0
-1	1324	h02545_118	0	118	0	0
-1	1325	h02546_118	0	118	0	0
-1	1326	h02547_118	0	118	0	0
-1	1327	h02548_118	0	118	0	0
-1	1328	h02549_118	0	118	0	0
-1	1329	h02550_118	0	118	0	0
-1	133	dod0213_61	0	61	0	0
-1	1330	h02551_118	0	118	0	0
-1	1331	h02552_118	0	118	0	0
-1	1332	h02553_118	0	118	0	0
-1	1333	h02554_118	0	118	0	0
-1	1334	h02555_118	0	118	0	0
-1	1335	h02556_118	0	118	0	0
-1	1336	h02557_118	0	118	0	0
-1	1337	h02558_118	0	118	0	0
-1	1338	h02559_118	0	118	0	0
-1	1339	h02560_118	0	118	0	0
-1	134	dod0214_61	0	61	0	0
-1	1340	h02561_118	0	118	0	0
-1	1341	h02562_118	0	118	0	0
-1	1342	h02563_118	0	118	0	0
-1	1343	h02564_118	0	118	0	0
-1	1344	h02565_118	0	118	0	0
-1	1345	h02566_118	0	118	0	0
-1	1346	h02567_118	0	118	0	0
-1	1347	h02568_118	0	118	0	0
-1	1348	h02569_118	0	118	0	0
-1	1349	h02852_118	0	118	0	0
-1	135	dod0215_61	0	61	0	0
-1	1350	h02853_118	0	118	0	0
-1	1351	h02854_118	0	118	0	0
-1	1352	h02855_118	0	118	0	0
-1	1353	h02856_118	0	118	0	0
-1	1354	h02857_118	0	118	0	0
-1	1355	h02858_118	0	118	0	0
-1	1356	dod1101_119	0	119	0	0
-1	1357	dod1102_119	0	119	0	0
-1	1358	dod1103_119	0	119	0	0
-1	1359	dod1104_119	0	119	0	0
-1	136	dod0216_61	0	61	0	0
-1	1360	dod1105_119	0	119	0	0
-1	1361	dod1106_119	0	119	0	0
-1	1362	dod1107_119	0	119	0	0
-1	1363	dod1108_119	0	119	0	0
-1	1364	dod1109_119	0	119	0	0
-1	1365	dod1110_119	0	119	0	0
-1	1366	dod1111_119	0	119	0	0
-1	1367	dod1112_119	0	119	0	0
-1	1368	dod1113_119	0	119	0	0
-1	1369	dod1114_119	0	119	0	0
-1	137	dod0217_61	0	61	0	0
-1	1370	dod1115_119	0	119	0	0
-1	1371	dod1116_119	0	119	0	0
-1	1372	dod1117_119	0	119	0	0
-1	1373	dod1118_119	0	119	0	0
-1	1374	dod1119_119	0	119	0	0
-1	1375	h03144_119	0	119	0	0
-1	1376	h03145_119	0	119	0	0
-1	1377	h03146_119	0	119	0	0
-1	1378	h03147_119	0	119	0	0
-1	1379	h03148_119	0	119	0	0
-1	138	h03399_71	0	71	0	0
-1	1380	h03149_119	0	119	0	0
-1	1381	h03150_119	0	119	0	0
-1	1382	h03151_119	0	119	0	0
-1	1383	h03152_119	0	119	0	0
-1	1384	h03153_119	0	119	0	0
-1	1385	h03154_119	0	119	0	0
-1	1386	h03155_119	0	119	0	0
-1	1387	h03156_119	0	119	0	0
-1	1388	h03157_119	0	119	0	0
-1	1389	h03158_119	0	119	0	0
-1	139	h03400_71	0	71	0	0
-1	1390	h03159_119	0	119	0	0
-1	1391	h03160_119	0	119	0	0
-1	1392	h03161_119	0	119	0	0
-1	1393	h03162_119	0	119	0	0
-1	1394	h03163_119	0	119	0	0
-1	1395	h03164_119	0	119	0	0
-1	1396	h03165_119	0	119	0	0
-1	1397	h03166_119	0	119	0	0
-1	1398	h03167_119	0	119	0	0
-1	1399	h03168_119	0	119	0	0
-1	140	h03401_71	0	71	0	0
-1	1400	h03169_119	0	119	0	0
-1	1401	h03170_119	0	119	0	0
-1	1402	h03171_119	0	119	0	0
-1	1403	h03172_119	0	119	0	0
-1	1404	h03173_119	0	119	0	0
-1	1405	h03174_119	0	119	0	0
-1	1406	h03175_119	0	119	0	0
-1	1407	h03176_119	0	119	0	0
-1	1408	h03177_119	0	119	0	0
-1	1409	h03178_119	0	119	0	0
-1	141	h03402_71	0	71	0	0
-1	1410	h03179_119	0	119	0	0
-1	1411	h03180_119	0	119	0	0
-1	1412	h03181_119	0	119	0	0
-1	1413	h03182_119	0	119	0	0
-1	1414	h03183_119	0	119	0	0
-1	1415	h03184_119	0	119	0	0
-1	1416	h03185_119	0	119	0	0
-1	1417	h03186_119	0	119	0	0
-1	1418	h03187_119	0	119	0	0
-1	1419	h03911_119	0	119	0	0
-1	142	h03403_71	0	71	0	0
-1	1420	h03912_119	0	119	0	0
-1	1421	h03913_119	0	119	0	0
-1	1422	h03914_119	0	119	0	0
-1	1423	h03915_119	0	119	0	0
-1	1424	h03916_119	0	119	0	0
-1	1425	h03917_119	0	119	0	0
-1	1426	h03918_119	0	119	0	0
-1	1427	h03919_119	0	119	0	0
-1	1428	h03920_119	0	119	0	0
-1	1429	h03921_119	0	119	0	0
-1	143	h03404_71	0	71	0	0
-1	1430	h03922_119	0	119	0	0
-1	1431	h03923_119	0	119	0	0
-1	1432	h03924_119	0	119	0	0
-1	1433	h03925_119	0	119	0	0
-1	1434	h03926_119	0	119	0	0
-1	1435	h03927_119	0	119	0	0
-1	1436	h03928_119	0	119	0	0
-1	1437	h03929_119	0	119	0	0
-1	1438	h03930_119	0	119	0	0
-1	1439	h03931_119	0	119	0	0
-1	144	h03405_71	0	71	0	0
-1	1440	h03932_119	0	119	0	0
-1	1441	h03933_119	0	119	0	0
-1	1442	h03934_119	0	119	0	0
-1	1443	h03935_119	0	119	0	0
-1	1444	h03936_119	0	119	0	0
-1	1445	h03937_119	0	119	0	0
-1	1446	h03938_119	0	119	0	0
-1	1447	h03939_119	0	119	0	0
-1	1448	h03940_119	0	119	0	0
-1	1449	h03941_119	0	119	0	0
-1	145	h03406_71	0	71	0	0
-1	1450	h03942_119	0	119	0	0
-1	1451	h03943_119	0	119	0	0
-1	1452	h03944_119	0	119	0	0
-1	1453	h03945_119	0	119	0	0
-1	1454	h03946_119	0	119	0	0
-1	1455	h03947_119	0	119	0	0
-1	1456	h03948_119	0	119	0	0
-1	1457	h03949_119	0	119	0	0
-1	1458	h03950_119	0	119	0	0
-1	1459	h03951_119	0	119	0	0
-1	146	h03407_71	0	71	0	0
-1	1460	h03952_119	0	119	0	0
-1	1461	h03953_119	0	119	0	0
-1	1462	h03954_119	0	119	0	0
-1	1463	h03955_119	0	119	0	0
-1	1464	h03956_119	0	119	0	0
-1	1465	h03957_119	0	119	0	0
-1	1466	h03958_119	0	119	0	0
-1	1467	dod0401_120	0	120	0	0
-1	1468	dod0402_120	0	120	0	0
-1	1469	dod0403_120	0	120	0	0
-1	147	h03408_71	0	71	0	0
-1	1470	dod0404_120	0	120	0	0
-1	1471	dod0405_120	0	120	0	0
-1	1472	dod0406_120	0	120	0	0
-1	1473	dod0407_120	0	120	0	0
-1	1474	dod0408_120	0	120	0	0
-1	1475	dod0501_120	0	120	0	0
-1	1476	dod0502_120	0	120	0	0
-1	1477	dod0503_120	0	120	0	0
-1	1478	dod0504_120	0	120	0	0
-1	1479	dod0505_120	0	120	0	0
-1	148	h03409_71	0	71	0	0
-1	1480	dod0506_120	0	120	0	0
-1	1481	dod0507_120	0	120	0	0
-1	1482	dod0508_120	0	120	0	0
-1	1483	dod0601_120	0	120	0	0
-1	1484	dod0602_120	0	120	0	0
-1	1485	dod0603_120	0	120	0	0
-1	1486	dod0604_120	0	120	0	0
-1	1487	dod0605_120	0	120	0	0
-1	1488	dod0606_120	0	120	0	0
-1	1489	dod0701_120	0	120	0	0
-1	149	h03410_71	0	71	0	0
-1	1490	dod0702_120	0	120	0	0
-1	1491	dod0703_120	0	120	0	0
-1	1492	dod0704_120	0	120	0	0
-1	1493	dod0705_120	0	120	0	0
-1	1494	dod0706_120	0	120	0	0
-1	1495	dod2601_120	0	120	0	0
-1	1496	dod2602_120	0	120	0	0
-1	1497	dod2603_120	0	120	0	0
-1	1498	dod2604_120	0	120	0	0
-1	1499	dod2605_120	0	120	0	0
-1	150	h03411_71	0	71	0	0
-1	1500	dod2606_120	0	120	0	0
-1	1501	dod2607_120	0	120	0	0
-1	1502	dod2608_120	0	120	0	0
-1	1503	dod2609_120	0	120	0	0
-1	1504	dod2610_120	0	120	0	0
-1	1505	dod2611_120	0	120	0	0
-1	1506	dod2612_120	0	120	0	0
-1	1507	dod2613_120	0	120	0	0
-1	1508	dod2614_120	0	120	0	0
-1	1509	dod2615_120	0	120	0	0
-1	151	h03412_71	0	71	0	0
-1	1510	dod2616_120	0	120	0	0
-1	1511	dod2617_120	0	120	0	0
-1	1512	dod2618_120	0	120	0	0
-1	1513	dod2619_120	0	120	0	0
-1	1514	dod2620_120	0	120	0	0
-1	1515	dod2701_120	0	120	0	0
-1	1516	dod2702_120	0	120	0	0
-1	1517	dod2703_120	0	120	0	0
-1	1518	dod2704_120	0	120	0	0
-1	1519	dod2705_120	0	120	0	0
-1	152	h03413_71	0	71	0	0
-1	1520	dod2706_120	0	120	0	0
-1	1521	dod2707_120	0	120	0	0
-1	1522	dod2708_120	0	120	0	0
-1	1523	dod2709_120	0	120	0	0
-1	1524	dod2710_120	0	120	0	0
-1	1525	dod2711_120	0	120	0	0
-1	1526	dod2712_120	0	120	0	0
-1	1527	dod2713_120	0	120	0	0
-1	1528	dod2714_120	0	120	0	0
-1	1529	dod2715_120	0	120	0	0
-1	153	h03414_71	0	71	0	0
-1	1530	dod2716_120	0	120	0	0
-1	1531	dod2717_120	0	120	0	0
-1	1532	dod2718_120	0	120	0	0
-1	1533	h00367_120	0	120	0	0
-1	1534	h04488_120	0	120	0	0
-1	1535	h04489_120	0	120	0	0
-1	1536	h04490_120	0	120	0	0
-1	1537	h04491_120	0	120	0	0
-1	1538	h04492_120	0	120	0	0
-1	1539	h04493_120	0	120	0	0
-1	154	h03415_71	0	71	0	0
-1	1540	h04494_120	0	120	0	0
-1	1541	h04495_120	0	120	0	0
-1	1542	h04496_120	0	120	0	0
-1	1543	h04497_120	0	120	0	0
-1	1544	h04498_120	0	120	0	0
-1	1545	h04499_120	0	120	0	0
-1	1546	h04500_120	0	120	0	0
-1	1547	h04501_120	0	120	0	0
-1	1548	h04502_120	0	120	0	0
-1	1549	h04503_120	0	120	0	0
-1	155	h03416_71	0	71	0	0
-1	1550	h04504_120	0	120	0	0
-1	1551	h04505_120	0	120	0	0
-1	1552	h04506_120	0	120	0	0
-1	1553	h04507_120	0	120	0	0
-1	1554	h04508_120	0	120	0	0
-1	1555	h04509_120	0	120	0	0
-1	1556	h04510_120	0	120	0	0
-1	1557	h04511_120	0	120	0	0
-1	1558	h04512_120	0	120	0	0
-1	1559	h04513_120	0	120	0	0
-1	156	h03417_71	0	71	0	0
-1	1560	h04514_120	0	120	0	0
-1	1561	h04515_120	0	120	0	0
-1	1562	h04516_120	0	120	0	0
-1	1563	h04517_120	0	120	0	0
-1	1564	h04518_120	0	120	0	0
-1	1565	dod0901_121	0	121	0	0
-1	1566	dod0902_121	0	121	0	0
-1	1567	dod0903_121	0	121	0	0
-1	1568	dod0904_121	0	121	0	0
-1	1569	dod0905_121	0	121	0	0
-1	157	h03418_71	0	71	0	0
-1	1570	dod0906_121	0	121	0	0
-1	1571	dod0907_121	0	121	0	0
-1	1572	dod0908_121	0	121	0	0
-1	1573	dod0909_121	0	121	0	0
-1	1574	dod1001_121	0	121	0	0
-1	1575	dod1002_121	0	121	0	0
-1	1576	dod1003_121	0	121	0	0
-1	1577	dod1004_121	0	121	0	0
-1	1578	h01335_121	0	121	0	0
-1	1579	h01336_121	0	121	0	0
-1	158	h03419_71	0	71	0	0
-1	1580	h01337_121	0	121	0	0
-1	1581	h01338_121	0	121	0	0
-1	1582	h01363_121	0	121	0	0
-1	1583	h01364_121	0	121	0	0
-1	1584	h01372_121	0	121	0	0
-1	1585	h02782_121	0	121	0	0
-1	1586	h02783_121	0	121	0	0
-1	1587	h02784_121	0	121	0	0
-1	1588	h02785_121	0	121	0	0
-1	1589	h02786_121	0	121	0	0
-1	159	h03420_71	0	71	0	0
-1	1590	h02787_121	0	121	0	0
-1	1591	h02788_121	0	121	0	0
-1	1592	h02789_121	0	121	0	0
-1	1593	h02791_121	0	121	0	0
-1	1594	h02792_121	0	121	0	0
-1	1595	h02793_121	0	121	0	0
-1	1596	h02794_121	0	121	0	0
-1	1597	h02795_121	0	121	0	0
-1	1598	h02796_121	0	121	0	0
-1	1599	h02797_121	0	121	0	0
-1	160	h03421_71	0	71	0	0
-1	1600	h02798_121	0	121	0	0
-1	1601	h02799_121	0	121	0	0
-1	1602	h02801_121	0	121	0	0
-1	1603	h02802_121	0	121	0	0
-1	1604	h02803_121	0	121	0	0
-1	1605	h02804_121	0	121	0	0
-1	1606	h02805_121	0	121	0	0
-1	1607	h02806_121	0	121	0	0
-1	1608	h02807_121	0	121	0	0
-1	1609	h02808_121	0	121	0	0
-1	161	h03422_71	0	71	0	0
-1	1610	h02809_121	0	121	0	0
-1	1611	h02810_121	0	121	0	0
-1	1612	h02813_121	0	121	0	0
-1	1613	h02814_121	0	121	0	0
-1	1614	h02815_121	0	121	0	0
-1	1615	h02816_121	0	121	0	0
-1	1616	h02817_121	0	121	0	0
-1	1617	h02819_121	0	121	0	0
-1	1618	h02820_121	0	121	0	0
-1	1619	n01402_121	0	121	0	0
-1	162	h03423_71	0	71	0	0
-1	1620	n01403_121	0	121	0	0
-1	1621	n01404_121	0	121	0	0
-1	1622	n01405_121	0	121	0	0
-1	1623	n01406_121	0	121	0	0
-1	1624	n01407_121	0	121	0	0
-1	1625	n01408_121	0	121	0	0
-1	1626	n01409_121	0	121	0	0
-1	1627	n01410_121	0	121	0	0
-1	1628	n01411_121	0	121	0	0
-1	1629	n01439_121	0	121	0	0
-1	163	h03424_71	0	71	0	0
-1	1630	n01440_121	0	121	0	0
-1	1631	n01441_121	0	121	0	0
-1	1632	n01442_121	0	121	0	0
-1	1633	n01443_121	0	121	0	0
-1	1634	n01444_121	0	121	0	0
-1	1635	dod2501_122	0	122	0	0
-1	1636	dod2502_122	0	122	0	0
-1	1637	dod2503_122	0	122	0	0
-1	1638	dod2504_122	0	122	0	0
-1	1639	dod2505_122	0	122	0	0
-1	164	h03425_71	0	71	0	0
-1	1640	dod2506_122	0	122	0	0
-1	1641	dod2507_122	0	122	0	0
-1	1642	dod2508_122	0	122	0	0
-1	1643	dod2509_122	0	122	0	0
-1	1644	dod2510_122	0	122	0	0
-1	1645	dod2511_122	0	122	0	0
-1	1646	dod2512_122	0	122	0	0
-1	1647	dod2513_122	0	122	0	0
-1	1648	dod2514_122	0	122	0	0
-1	1649	dod2515_122	0	122	0	0
-1	165	h03426_71	0	71	0	0
-1	1650	h03959_122	0	122	0	0
-1	1651	h03960_122	0	122	0	0
-1	1652	h03961_122	0	122	0	0
-1	1653	h03962_122	0	122	0	0
-1	1654	h03963_122	0	122	0	0
-1	1655	h03964_122	0	122	0	0
-1	1656	h03965_122	0	122	0	0
-1	1657	h03966_122	0	122	0	0
-1	1658	h03967_122	0	122	0	0
-1	1659	h03968_122	0	122	0	0
-1	166	h03427_71	0	71	0	0
-1	1660	h03969_122	0	122	0	0
-1	1661	h03970_122	0	122	0	0
-1	1662	h03971_122	0	122	0	0
-1	1663	h03972_122	0	122	0	0
-1	1664	h03973_122	0	122	0	0
-1	1665	h03974_122	0	122	0	0
-1	1666	h03975_122	0	122	0	0
-1	1667	h03976_122	0	122	0	0
-1	1668	h03977_122	0	122	0	0
-1	1669	h03978_122	0	122	0	0
-1	167	h02313_75	0	75	0	0
-1	1670	h03979_122	0	122	0	0
-1	1671	h03980_122	0	122	0	0
-1	1672	h03981_122	0	122	0	0
-1	1673	h03982_122	0	122	0	0
-1	1674	h03983_122	0	122	0	0
-1	1675	h03984_122	0	122	0	0
-1	1676	h03985_122	0	122	0	0
-1	1677	h03986_122	0	122	0	0
-1	1678	h03987_122	0	122	0	0
-1	1679	h03988_122	0	122	0	0
-1	168	h02314_75	0	75	0	0
-1	1680	h03989_122	0	122	0	0
-1	1681	h03990_122	0	122	0	0
-1	1682	h03991_122	0	122	0	0
-1	1683	h03992_122	0	122	0	0
-1	1684	h03993_122	0	122	0	0
-1	1685	h03994_122	0	122	0	0
-1	1686	h04576_122	0	122	0	0
-1	1687	h04577_122	0	122	0	0
-1	1688	h04578_122	0	122	0	0
-1	1689	h04579_122	0	122	0	0
-1	169	h02315_75	0	75	0	0
-1	1690	h04580_122	0	122	0	0
-1	1691	h04581_122	0	122	0	0
-1	1692	h04582_122	0	122	0	0
-1	1693	h04583_122	0	122	0	0
-1	1694	h04584_122	0	122	0	0
-1	1695	h04585_122	0	122	0	0
-1	1696	h04586_122	0	122	0	0
-1	1697	h04587_122	0	122	0	0
-1	1698	h04588_122	0	122	0	0
-1	1699	h04589_122	0	122	0	0
-1	170	h02316_75	0	75	0	0
-1	1700	h04590_122	0	122	0	0
-1	1701	h04591_122	0	122	0	0
-1	1702	h04592_122	0	122	0	0
-1	1703	h04593_122	0	122	0	0
-1	1704	h04594_122	0	122	0	0
-1	1705	h04595_122	0	122	0	0
-1	1706	h04596_122	0	122	0	0
-1	1707	h04597_122	0	122	0	0
-1	1708	h04598_122	0	122	0	0
-1	1709	h04599_122	0	122	0	0
-1	171	h02317_75	0	75	0	0
-1	1710	h04600_122	0	122	0	0
-1	1711	h04601_122	0	122	0	0
-1	1712	h02477_124	0	124	0	0
-1	1713	h02478_124	0	124	0	0
-1	1714	h02479_124	0	124	0	0
-1	1715	h02480_124	0	124	0	0
-1	1716	h02481_124	0	124	0	0
-1	1717	h02482_124	0	124	0	0
-1	1718	h02483_124	0	124	0	0
-1	1719	h02484_124	0	124	0	0
-1	172	h02318_75	0	75	0	0
-1	1720	h02485_124	0	124	0	0
-1	1721	h02486_124	0	124	0	0
-1	1722	h02487_124	0	124	0	0
-1	1723	h02488_124	0	124	0	0
-1	1724	h02489_124	0	124	0	0
-1	1725	h02490_124	0	124	0	0
-1	1726	h02491_124	0	124	0	0
-1	1727	h02492_124	0	124	0	0
-1	1728	h02493_124	0	124	0	0
-1	1729	h02494_124	0	124	0	0
-1	173	h02319_75	0	75	0	0
-1	1730	h02495_124	0	124	0	0
-1	1731	h02496_124	0	124	0	0
-1	1732	h02497_124	0	124	0	0
-1	1733	h02498_124	0	124	0	0
-1	1734	h02499_124	0	124	0	0
-1	1735	h02500_124	0	124	0	0
-1	1736	h02501_124	0	124	0	0
-1	1737	h02502_124	0	124	0	0
-1	1738	h02503_124	0	124	0	0
-1	1739	h02504_124	0	124	0	0
-1	174	h02320_75	0	75	0	0
-1	1740	h02505_124	0	124	0	0
-1	1741	h02506_124	0	124	0	0
-1	1742	h02507_124	0	124	0	0
-1	1743	h02508_124	0	124	0	0
-1	1744	h02509_124	0	124	0	0
-1	1745	h02510_124	0	124	0	0
-1	1746	h02511_124	0	124	0	0
-1	1747	h02512_124	0	124	0	0
-1	1748	h02513_124	0	124	0	0
-1	1749	h02514_124	0	124	0	0
-1	175	h02321_75	0	75	0	0
-1	1750	h02515_124	0	124	0	0
-1	1751	h02516_124	0	124	0	0
-1	1752	h02517_124	0	124	0	0
-1	1753	h02518_124	0	124	0	0
-1	1754	h03356_125	0	125	0	0
-1	1755	h03357_125	0	125	0	0
-1	1756	h03358_125	0	125	0	0
-1	1757	h03359_125	0	125	0	0
-1	1758	h03360_125	0	125	0	0
-1	1759	h03367_125	0	125	0	0
-1	176	h02322_75	0	75	0	0
-1	1760	h03368_125	0	125	0	0
-1	1761	h03369_125	0	125	0	0
-1	1762	h03370_125	0	125	0	0
-1	1763	h03371_125	0	125	0	0
-1	1764	h03372_125	0	125	0	0
-1	1765	h03373_125	0	125	0	0
-1	1766	h03374_125	0	125	0	0
-1	1767	h03375_125	0	125	0	0
-1	1768	h03376_125	0	125	0	0
-1	1769	h03377_125	0	125	0	0
-1	177	h02323_75	0	75	0	0
-1	1770	h03378_125	0	125	0	0
-1	1771	h03379_125	0	125	0	0
-1	1772	h03380_125	0	125	0	0
-1	1773	h03381_125	0	125	0	0
-1	1774	h03393_125	0	125	0	0
-1	1775	h03394_125	0	125	0	0
-1	1776	h03395_125	0	125	0	0
-1	1777	h03396_125	0	125	0	0
-1	1778	h03397_125	0	125	0	0
-1	1779	h03398_125	0	125	0	0
-1	178	h02324_75	0	75	0	0
-1	1780	h03869_125	0	125	0	0
-1	1781	h03870_125	0	125	0	0
-1	1782	h03871_125	0	125	0	0
-1	1783	h03872_125	0	125	0	0
-1	1784	h03873_125	0	125	0	0
-1	1785	h03874_125	0	125	0	0
-1	1786	h03875_125	0	125	0	0
-1	1787	h03876_125	0	125	0	0
-1	1788	h03877_125	0	125	0	0
-1	1789	h03878_125	0	125	0	0
-1	179	h02325_75	0	75	0	0
-1	1790	h03879_125	0	125	0	0
-1	1791	h03880_125	0	125	0	0
-1	1792	h03881_125	0	125	0	0
-1	1793	h03882_125	0	125	0	0
-1	1794	h03883_125	0	125	0	0
-1	1795	h03884_125	0	125	0	0
-1	1796	h03885_125	0	125	0	0
-1	1797	h03886_125	0	125	0	0
-1	1798	h03887_125	0	125	0	0
-1	1799	h03888_125	0	125	0	0
-1	180	h02326_75	0	75	0	0
-1	1800	h03890_125	0	125	0	0
-1	1801	h03895_125	0	125	0	0
-1	1802	h03896_125	0	125	0	0
-1	1803	h03897_125	0	125	0	0
-1	1804	h03898_125	0	125	0	0
-1	1805	h03899_125	0	125	0	0
-1	1806	h03900_125	0	125	0	0
-1	1807	h03901_125	0	125	0	0
-1	1808	h03902_125	0	125	0	0
-1	1809	h03903_125	0	125	0	0
-1	181	h02337_75	0	75	0	0
-1	1810	h03904_125	0	125	0	0
-1	1811	h03905_125	0	125	0	0
-1	1812	h03906_125	0	125	0	0
-1	1813	h03907_125	0	125	0	0
-1	1814	h03908_125	0	125	0	0
-1	1815	dod1901_126	0	126	0	0
-1	1816	dod1902_126	0	126	0	0
-1	1817	dod1903_126	0	126	0	0
-1	1818	dod1904_126	0	126	0	0
-1	1819	dod1905_126	0	126	0	0
-1	182	dod1301_85	0	85	0	0
-1	1820	dod1906_126	0	126	0	0
-1	1821	dod1907_126	0	126	0	0
-1	1822	dod1908_126	0	126	0	0
-1	1823	dod1909_126	0	126	0	0
-1	1824	dod1910_126	0	126	0	0
-1	1825	dod1911_126	0	126	0	0
-1	1826	dod1912_126	0	126	0	0
-1	1827	dod2001_126	0	126	0	0
-1	1828	dod2002_126	0	126	0	0
-1	1829	dod2003_126	0	126	0	0
-1	183	dod1302_85	0	85	0	0
-1	1830	dod2004_126	0	126	0	0
-1	1831	dod2005_126	0	126	0	0
-1	1832	dod2006_126	0	126	0	0
-1	1833	dod2201_126	0	126	0	0
-1	1834	dod2202_126	0	126	0	0
-1	1835	dod2203_126	0	126	0	0
-1	1836	dod2204_126	0	126	0	0
-1	1837	dod2205_126	0	126	0	0
-1	1838	dod2206_126	0	126	0	0
-1	1839	dod2207_126	0	126	0	0
-1	184	dod1303_85	0	85	0	0
-1	1840	dod2208_126	0	126	0	0
-1	1841	dod2209_126	0	126	0	0
-1	1842	dod2210_126	0	126	0	0
-1	1843	dod2211_126	0	126	0	0
-1	1844	dod2212_126	0	126	0	0
-1	1845	dod2213_126	0	126	0	0
-1	1846	dod2214_126	0	126	0	0
-1	1847	dod2215_126	0	126	0	0
-1	1848	dod2216_126	0	126	0	0
-1	1849	dod2217_126	0	126	0	0
-1	185	dod1304_85	0	85	0	0
-1	1850	dod2218_126	0	126	0	0
-1	1851	dod2219_126	0	126	0	0
-1	1852	dod2301_126	0	126	0	0
-1	1853	dod2302_126	0	126	0	0
-1	1854	dod2303_126	0	126	0	0
-1	1855	dod2304_126	0	126	0	0
-1	1856	dod2305_126	0	126	0	0
-1	1857	dod2306_126	0	126	0	0
-1	1858	dod2307_126	0	126	0	0
-1	1859	dod2308_126	0	126	0	0
-1	186	dod1305_85	0	85	0	0
-1	1860	dod2309_126	0	126	0	0
-1	1861	dod2310_126	0	126	0	0
-1	1862	dod2311_126	0	126	0	0
-1	1863	dod2312_126	0	126	0	0
-1	1864	dod2313_126	0	126	0	0
-1	1865	dod2314_126	0	126	0	0
-1	1866	dod2315_126	0	126	0	0
-1	1867	h02630_126	0	126	0	0
-1	1868	h02631_126	0	126	0	0
-1	1869	h02632_126	0	126	0	0
-1	187	dod1306_85	0	85	0	0
-1	1870	h02633_126	0	126	0	0
-1	1871	h02634_126	0	126	0	0
-1	1872	h02635_126	0	126	0	0
-1	1873	h02636_126	0	126	0	0
-1	1874	h02637_126	0	126	0	0
-1	1875	h02638_126	0	126	0	0
-1	1876	h02639_126	0	126	0	0
-1	1877	h02640_126	0	126	0	0
-1	1878	h02641_126	0	126	0	0
-1	1879	h02642_126	0	126	0	0
-1	188	dod1307_85	0	85	0	0
-1	1880	h02643_126	0	126	0	0
-1	1881	h02644_126	0	126	0	0
-1	1882	h02645_126	0	126	0	0
-1	1883	h02646_126	0	126	0	0
-1	1884	h02647_126	0	126	0	0
-1	1885	h02648_126	0	126	0	0
-1	1886	h02649_126	0	126	0	0
-1	1887	h02650_126	0	126	0	0
-1	1888	h02651_126	0	126	0	0
-1	1889	h02652_126	0	126	0	0
-1	189	dod1308_85	0	85	0	0
-1	1890	h02653_126	0	126	0	0
-1	1891	h02654_126	0	126	0	0
-1	1892	h02669_126	0	126	0	0
-1	1893	h02670_126	0	126	0	0
-1	1894	h02671_126	0	126	0	0
-1	1895	h02672_126	0	126	0	0
-1	1896	h02673_126	0	126	0	0
-1	1897	h02674_126	0	126	0	0
-1	1898	h02675_126	0	126	0	0
-1	1899	h02676_126	0	126	0	0
-1	190	dod1309_85	0	85	0	0
-1	1900	h02677_126	0	126	0	0
-1	1901	h02678_126	0	126	0	0
-1	1902	h02679_126	0	126	0	0
-1	1903	h02680_126	0	126	0	0
-1	1904	h02681_126	0	126	0	0
-1	1905	h02682_126	0	126	0	0
-1	1906	h02683_126	0	126	0	0
-1	1907	h02684_126	0	126	0	0
-1	1908	h03598_126	0	126	0	0
-1	1909	h03599_126	0	126	0	0
-1	191	dod1310_85	0	85	0	0
-1	1910	h03600_126	0	126	0	0
-1	1911	h03601_126	0	126	0	0
-1	1912	h03602_126	0	126	0	0
-1	1913	h03603_126	0	126	0	0
-1	1914	h03604_126	0	126	0	0
-1	1915	h03605_126	0	126	0	0
-1	1916	h03606_126	0	126	0	0
-1	1917	h03607_126	0	126	0	0
-1	1918	h03608_126	0	126	0	0
-1	1919	h03609_126	0	126	0	0
-1	192	dod1311_85	0	85	0	0
-1	1920	h03610_126	0	126	0	0
-1	1921	h03611_126	0	126	0	0
-1	1922	h03612_126	0	126	0	0
-1	1923	h03613_126	0	126	0	0
-1	1924	h03614_126	0	126	0	0
-1	1925	h03615_126	0	126	0	0
-1	1926	h03616_126	0	126	0	0
-1	1927	h03622_126	0	126	0	0
-1	1928	h03623_126	0	126	0	0
-1	1929	h03624_126	0	126	0	0
-1	193	dod1312_85	0	85	0	0
-1	1930	h03626_126	0	126	0	0
-1	1931	h03628_126	0	126	0	0
-1	1932	h03629_126	0	126	0	0
-1	1933	h03630_126	0	126	0	0
-1	1934	h03631_126	0	126	0	0
-1	1935	h03632_126	0	126	0	0
-1	1936	h03633_126	0	126	0	0
-1	1937	h03634_126	0	126	0	0
-1	1938	h03635_126	0	126	0	0
-1	1939	h03636_126	0	126	0	0
-1	194	dod1801_86	0	86	0	0
-1	1940	h03637_126	0	126	0	0
-1	1941	h04361_126	0	126	0	0
-1	1942	h04362_126	0	126	0	0
-1	1943	h04363_126	0	126	0	0
-1	1944	h04364_126	0	126	0	0
-1	1945	h04365_126	0	126	0	0
-1	1946	h04366_126	0	126	0	0
-1	1947	h04367_126	0	126	0	0
-1	1948	h04368_126	0	126	0	0
-1	1949	h04369_126	0	126	0	0
-1	195	dod1802_86	0	86	0	0
-1	1950	h04370_126	0	126	0	0
-1	1951	h04372_126	0	126	0	0
-1	1952	h04373_126	0	126	0	0
-1	1953	h04374_126	0	126	0	0
-1	1954	h04375_126	0	126	0	0
-1	1955	h04377_126	0	126	0	0
-1	1956	h04378_126	0	126	0	0
-1	1957	h04379_126	0	126	0	0
-1	1958	h04380_126	0	126	0	0
-1	1959	h04381_126	0	126	0	0
-1	196	dod1803_86	0	86	0	0
-1	1960	h04388_126	0	126	0	0
-1	1961	h04389_126	0	126	0	0
-1	1962	h04390_126	0	126	0	0
-1	1963	h04391_126	0	126	0	0
-1	1964	h04392_126	0	126	0	0
-1	1965	h04393_126	0	126	0	0
-1	1966	h04394_126	0	126	0	0
-1	1967	h04395_126	0	126	0	0
-1	1968	h04396_126	0	126	0	0
-1	1969	h04397_126	0	126	0	0
-1	197	dod1804_86	0	86	0	0
-1	1970	h04398_126	0	126	0	0
-1	1971	h04399_126	0	126	0	0
-1	1972	h04400_126	0	126	0	0
-1	1973	h04401_126	0	126	0	0
-1	1974	h04402_126	0	126	0	0
-1	1975	h04403_126	0	126	0	0
-1	1976	h04404_126	0	126	0	0
-1	1977	h04405_126	0	126	0	0
-1	1978	h04406_126	0	126	0	0
-1	1979	h04407_126	0	126	0	0
-1	198	dod1805_86	0	86	0	0
-1	1980	h04408_126	0	126	0	0
-1	1981	h04409_126	0	126	0	0
-1	1982	h04410_126	0	126	0	0
-1	1983	h02418_127	0	127	0	0
-1	1984	h02419_127	0	127	0	0
-1	1985	h02420_127	0	127	0	0
-1	1986	h02421_127	0	127	0	0
-1	1987	h02422_127	0	127	0	0
-1	1988	h02423_127	0	127	0	0
-1	1989	h02424_127	0	127	0	0
-1	199	dod1806_86	0	86	0	0
-1	1990	h02425_127	0	127	0	0
-1	1991	n01543_127	0	127	0	0
-1	1992	n01544_127	0	127	0	0
-1	1993	n01545_127	0	127	0	0
-1	1994	n01546_127	0	127	0	0
-1	1995	n01547_127	0	127	0	0
-1	1996	n01548_127	0	127	0	0
-1	1997	n01549_127	0	127	0	0
-1	1998	n01550_127	0	127	0	0
-1	1999	n01555_127	0	127	0	0
-1	200	dod1807_86	0	86	0	0
-1	2000	n01556_127	0	127	0	0
-1	2001	n01557_127	0	127	0	0
-1	2002	n01558_127	0	127	0	0
-1	2003	n01559_127	0	127	0	0
-1	2004	n01560_127	0	127	0	0
-1	2005	n01561_127	0	127	0	0
-1	2006	dod2101_128	0	128	0	0
-1	2007	dod2102_128	0	128	0	0
-1	2008	dod2103_128	0	128	0	0
-1	2009	dod2104_128	0	128	0	0
-1	201	dod1808_86	0	86	0	0
-1	2010	dod2105_128	0	128	0	0
-1	2011	dod2106_128	0	128	0	0
-1	2012	dod2107_128	0	128	0	0
-1	2013	dod2108_128	0	128	0	0
-1	2014	dod2109_128	0	128	0	0
-1	2015	dod2110_128	0	128	0	0
-1	2016	dod2111_128	0	128	0	0
-1	2017	dod2112_128	0	128	0	0
-1	2018	dod2113_128	0	128	0	0
-1	2019	dod2114_128	0	128	0	0
-1	202	dod1809_86	0	86	0	0
-1	2020	dod2115_128	0	128	0	0
-1	2021	dod2116_128	0	128	0	0
-1	2022	h02590_128	0	128	0	0
-1	2023	h02591_128	0	128	0	0
-1	2024	h02592_128	0	128	0	0
-1	2025	h02593_128	0	128	0	0
-1	2026	h02594_128	0	128	0	0
-1	2027	h02595_128	0	128	0	0
-1	2028	h02596_128	0	128	0	0
-1	2029	h02597_128	0	128	0	0
-1	203	dod1810_86	0	86	0	0
-1	2030	h02598_128	0	128	0	0
-1	2031	h02599_128	0	128	0	0
-1	2032	h02600_128	0	128	0	0
-1	2033	h02601_128	0	128	0	0
-1	2034	h02602_128	0	128	0	0
-1	2035	h02603_128	0	128	0	0
-1	2036	h02604_128	0	128	0	0
-1	2037	h02605_128	0	128	0	0
-1	2038	h02606_128	0	128	0	0
-1	2039	h02607_128	0	128	0	0
-1	204	dod1811_86	0	86	0	0
-1	2040	h02608_128	0	128	0	0
-1	2041	h02609_128	0	128	0	0
-1	2042	h02610_128	0	128	0	0
-1	2043	h02611_128	0	128	0	0
-1	2044	h02612_128	0	128	0	0
-1	2045	h02613_128	0	128	0	0
-1	2046	h02614_128	0	128	0	0
-1	2047	h02615_128	0	128	0	0
-1	2048	h02616_128	0	128	0	0
-1	2049	h02617_128	0	128	0	0
-1	205	dod1812_86	0	86	0	0
-1	2050	h02618_128	0	128	0	0
-1	2051	h02619_128	0	128	0	0
-1	2052	h02620_128	0	128	0	0
-1	2053	h02621_128	0	128	0	0
-1	2054	h02622_128	0	128	0	0
-1	2055	h02623_128	0	128	0	0
-1	2056	h02624_128	0	128	0	0
-1	2057	h02625_128	0	128	0	0
-1	2058	h02626_128	0	128	0	0
-1	2059	h02627_128	0	128	0	0
-1	206	dod1813_86	0	86	0	0
-1	2060	h02628_128	0	128	0	0
-1	2061	h02629_128	0	128	0	0
-1	2062	dod0801_130	0	130	0	0
-1	2063	dod0802_130	0	130	0	0
-1	2064	dod0803_130	0	130	0	0
-1	2065	dod0804_130	0	130	0	0
-1	2066	dod0805_130	0	130	0	0
-1	2067	dod0806_130	0	130	0	0
-1	2068	dod0807_130	0	130	0	0
-1	2069	dod0808_130	0	130	0	0
-1	207	dod1814_86	0	86	0	0
-1	2070	dod0809_130	0	130	0	0
-1	2071	dod0810_130	0	130	0	0
-1	2072	dod0811_130	0	130	0	0
-1	2073	dod0812_130	0	130	0	0
-1	2074	dod0813_130	0	130	0	0
-1	2075	dod0814_130	0	130	0	0
-1	2076	dod0815_130	0	130	0	0
-1	2077	dod0816_130	0	130	0	0
-1	2078	dod0817_130	0	130	0	0
-1	2079	dod0818_130	0	130	0	0
-1	208	dod1815_86	0	86	0	0
-1	2080	dod0819_130	0	130	0	0
-1	2081	dod0820_130	0	130	0	0
-1	2082	dod0821_130	0	130	0	0
-1	2083	h03864_130	0	130	0	0
-1	2084	dod0301_140	0	140	0	0
-1	2085	dod0302_140	0	140	0	0
-1	2086	dod0303_140	0	140	0	0
-1	2087	dod0304_140	0	140	0	0
-1	2088	dod0305_140	0	140	0	0
-1	2089	dod0306_140	0	140	0	0
-1	209	dod1816_86	0	86	0	0
-1	2090	dod0307_140	0	140	0	0
-1	2091	dod0308_140	0	140	0	0
-1	2092	dod0309_140	0	140	0	0
-1	2093	dod0310_140	0	140	0	0
-1	2094	dod0311_140	0	140	0	0
-1	2095	brk_120_01	0	120	0	0
-1	2096	brk_120_02	0	120	0	0
-1	2097	brk_120_03	0	120	0	0
-1	2098	brk_120_04	0	120	0	0
-1	2099	jn0001_132	0	128	0	0
-1	210	dod1817_86	0	86	0	0
-1	2100	jn0002_132	0	128	0	0
-1	2101	jn0003_132	0	128	0	0
-1	2102	jn0004_132	0	128	0	0
-1	2103	jn0005_132	0	128	0	0
-1	2104	jn0006_132	0	128	0	0
-1	2105	jn0007_132	0	128	0	0
-1	2106	jn0008_132	0	128	0	0
-1	2107	jn0009_132	0	128	0	0
-1	2108	jn0010_132	0	128	0	0
-1	2109	jn0011_132	0	128	0	0
-1	211	dod1818_86	0	86	0	0
-1	2110	jn0012_132	0	128	0	0
-1	2111	jn0013_132	0	128	0	0
-1	2112	jn0014_132	0	128	0	0
-1	2113	jn0015_132	0	128	0	0
-1	2114	jn0016_132	0	128	0	0
-1	2115	jn0017_132	0	128	0	0
-1	2116	jn0018_132	0	128	0	0
-1	2117	jn0019_132	0	128	0	0
-1	2118	jn0020_132	0	128	0	0
-1	2119	jn0021_132	0	128	0	0
-1	212	h03241_88	0	88	0	0
-1	2120	love0001_125	0	125	0	0
-1	2121	love0002_125	0	125	0	0
-1	2122	love0003_125	0	125	0	0
-1	2123	love0004_125	0	125	0	0
-1	2124	love0005_125	0	125	0	0
-1	2125	love0006_125	0	125	0	0
-1	2126	love0007_125	0	125	0	0
-1	2127	love0008_125	0	125	0	0
-1	2128	love0009_125	0	125	0	0
-1	2129	love0010_125	0	125	0	0
-1	213	h03242_88	0	88	0	0
-1	2130	love0011_125	0	125	0	0
-1	2131	love0012_125	0	125	0	0
-1	2132	love0013_125	0	125	0	0
-1	2133	love0014_125	0	125	0	0
-1	2134	love0015_125	0	125	0	0
-1	2135	love0016_125	0	125	0	0
-1	2136	love0017_125	0	125	0	0
-1	2137	love0018_125	0	125	0	0
-1	2138	love0019_125	0	125	0	0
-1	2139	love0020_125	0	125	0	0
-1	214	h03243_88	0	88	0	0
-1	2140	love0021_125	0	125	0	0
-1	2141	love0022_125	0	125	0	0
-1	2142	love0023_125	0	125	0	0
-1	2143	love0024_125	0	125	0	0
-1	2144	love0025_125	0	125	0	0
-1	2145	love0026_125	0	125	0	0
-1	2146	love0027_125	0	125	0	0
-1	2147	love0028_125	0	125	0	0
-1	2148	love0029_125	0	125	0	0
-1	2149	love0030_125	0	125	0	0
-1	215	h03244_88	0	88	0	0
-1	2150	love0031_125	0	125	0	0
-1	2151	love0032_125	0	125	0	0
-1	2152	love0033_125	0	125	0	0
-1	2153	love0034_125	0	125	0	0
-1	2154	love0035_125	0	125	0	0
-1	2155	love0036_125	0	125	0	0
-1	2156	love0037_125	0	125	0	0
-1	2157	love0038_125	0	125	0	0
-1	2158	love0039_125	0	125	0	0
-1	2159	love0040_125	0	125	0	0
-1	216	h03245_88	0	88	0	0
-1	2160	love0041_125	0	125	0	0
-1	2161	love0042_125	0	125	0	0
-1	2162	love0043_125	0	125	0	0
-1	2163	love0044_125	0	125	0	0
-1	2164	love0045_125	0	125	0	0
-1	2165	love0046_125	0	125	0	0
-1	2166	love0047_125	0	125	0	0
-1	2167	love0048_125	0	125	0	0
-1	2168	love0049_125	0	125	0	0
-1	2169	love0050_125	0	125	0	0
-1	217	h03246_88	0	88	0	0
-1	2170	love0051_125	0	125	0	0
-1	2171	love0052_125	0	125	0	0
-1	2172	love0053_125	0	125	0	0
-1	2173	love0054_125	0	125	0	0
-1	2174	love0055_125	0	125	0	0
-1	2175	love0056_125	0	125	0	0
-1	2176	love0057_125	0	125	0	0
-1	2177	love0058_125	0	125	0	0
-1	2178	pandora0001_140	0	140	0	0
-1	2179	pandora0002_140	0	140	0	0
-1	218	h03247_88	0	88	0	0
-1	2180	pandora0003_140	0	140	0	0
-1	2181	pandora0004_140	0	140	0	0
-1	2182	pandora0005_140	0	140	0	0
-1	2183	pandora0006_140	0	140	0	0
-1	2184	pandora0007_140	0	140	0	0
-1	2185	pandora0008_140	0	140	0	0
-1	2186	pandora0009_140	0	140	0	0
-1	2187	pandora0010_140	0	140	0	0
-1	2188	pandora0011_140	0	140	0	0
-1	2189	pandora0012_140	0	140	0	0
-1	219	h03248_88	0	88	0	0
-1	2190	pandora0013_140	0	140	0	0
-1	2191	pandora0014_140	0	140	0	0
-1	2192	pandora0015_140	0	140	0	0
-1	2193	pandora0016_140	0	140	0	0
-1	2194	pandora0017_140	0	140	0	0
-1	2195	pandora0018_140	0	140	0	0
-1	2196	pandora0019_140	0	140	0	0
-1	2197	pandora0020_140	0	140	0	0
-1	2198	pandora0021_140	0	140	0	0
-1	2199	pandora0022_140	0	140	0	0
-1	220	h03249_88	0	88	0	0
-1	2200	pandora0023_140	0	140	0	0
-1	2201	pandora0024_140	0	140	0	0
-1	2202	pandora0025_140	0	140	0	0
-1	2203	pandora0026_140	0	140	0	0
-1	2204	pandora0027_140	0	140	0	0
-1	2205	pandora0028_140	0	140	0	0
-1	2206	pandora0029_140	0	140	0	0
-1	2207	pandora0030_140	0	140	0	0
-1	2208	pandora0031_140	0	140	0	0
-1	2209	pandora0032_140	0	140	0	0
-1	221	h03250_88	0	88	0	0
-1	2210	pandora0033_140	0	140	0	0
-1	2211	pandora0034_140	0	140	0	0
-1	2212	pandora0035_140	0	140	0	0
-1	2213	pandora0036_140	0	140	0	0
-1	2214	pandora0037_140	0	140	0	0
-1	2215	pandora0038_140	0	140	0	0
-1	2216	pandora0039_140	0	140	0	0
-1	2217	pandora0040_140	0	140	0	0
-1	2218	pandora0041_140	0	140	0	0
-1	2219	pandora0042_140	0	140	0	0
-1	222	h03251_88	0	88	0	0
-1	2220	pandora0043_140	0	140	0	0
-1	2221	pandora0044_140	0	140	0	0
-1	2222	pandora0045_140	0	140	0	0
-1	2223	pandora0046_140	0	140	0	0
-1	2224	pandora0047_140	0	140	0	0
-1	2225	pandora0048_140	0	140	0	0
-1	2226	pandora0049_140	0	140	0	0
-1	2227	pandora0050_140	0	140	0	0
-1	2228	pandora0051_140	0	140	0	0
-1	2229	pandora0052_140	0	140	0	0
-1	223	h03252_88	0	88	0	0
-1	2230	pandora0053_140	0	140	0	0
-1	2231	pandora0054_140	0	140	0	0
-1	2232	jn0022_132	0	128	0	0
-1	2233	jn0023_132	0	128	0	0
-1	2234	jn0024_132	0	128	0	0
-1	2235	jn0025_132	0	128	0	0
-1	2236	jn0026_132	0	128	0	0
-1	2237	jn0027_132	0	128	0	0
-1	2238	jn0028_132	0	128	0	0
-1	2239	jn0029_132	0	128	0	0
-1	224	h03253_88	0	88	0	0
-1	2240	jn0030_132	0	128	0	0
-1	2241	jn0031_132	0	128	0	0
-1	2242	jn0032_132	0	128	0	0
-1	2243	jn0033_132	0	128	0	0
-1	2244	jn0034_132	0	128	0	0
-1	2245	jn0035_132	0	128	0	0
-1	2246	jn0036_132	0	128	0	0
-1	2247	jn0037_132	0	128	0	0
-1	2248	jn0038_132	0	128	0	0
-1	2249	jn0039_132	0	128	0	0
-1	225	h03254_88	0	88	0	0
-1	2250	jn0040_132	0	128	0	0
-1	2251	jn0041_132	0	128	0	0
-1	2252	jn0042_132	0	128	0	0
-1	2253	jn0043_132	0	128	0	0
-1	2254	jn0044_132	0	128	0	0
-1	2255	jn0045_132	0	128	0	0
-1	2256	jn0046_132	0	128	0	0
-1	2257	jn0047_132	0	128	0	0
-1	2258	jn0048_132	0	128	0	0
-1	2259	jn0049_132	0	128	0	0
-1	226	h03255_88	0	88	0	0
-1	2260	jn0050_132	0	128	0	0
-1	2261	jn0051_132	0	128	0	0
-1	2262	jn0052_132	0	128	0	0
-1	2263	jn0053_132	0	128	0	0
-1	2264	jn0054_132	0	128	0	0
-1	2265	jn0055_132	0	128	0	0
-1	2266	jn0056_132	0	128	0	0
-1	2267	jn0057_132	0	128	0	0
-1	2268	ggptt0001_128	0	128	0	0
-1	2269	ggptt0002_128	0	128	0	0
-1	227	h03256_88	0	88	0	0
-1	2270	ggptt0003_128	0	128	0	0
-1	2271	ggptt0004_128	0	128	0	0
-1	228	h03257_88	0	88	0	0
-1	229	h03258_88	0	88	0	0
-1	230	h03259_88	0	88	0	0
-1	231	h03260_88	0	88	0	0
-1	232	h03261_88	0	88	0	0
-1	233	h03262_88	0	88	0	0
-1	234	h03263_88	0	88	0	0
-1	235	h03264_88	0	88	0	0
-1	236	h03265_88	0	88	0	0
-1	237	h03266_88	0	88	0	0
-1	238	h03568_94	0	94	0	0
-1	239	h03569_94	0	94	0	0
-1	240	h03570_94	0	94	0	0
-1	241	h03571_94	0	94	0	0
-1	242	h03572_94	0	94	0	0
-1	243	h03573_94	0	94	0	0
-1	244	h03574_94	0	94	0	0
-1	245	h03575_94	0	94	0	0
-1	246	h03576_94	0	94	0	0
-1	247	h03577_94	0	94	0	0
-1	248	h03578_94	0	94	0	0
-1	249	h03579_94	0	94	0	0
-1	250	h03580_94	0	94	0	0
-1	251	h03581_94	0	94	0	0
-1	252	h03582_94	0	94	0	0
-1	253	h03583_94	0	94	0	0
-1	254	h03584_94	0	94	0	0
-1	255	h03585_94	0	94	0	0
-1	256	h03586_94	0	94	0	0
-1	257	h03587_94	0	94	0	0
-1	258	h03588_94	0	94	0	0
-1	259	h03589_94	0	94	0	0
-1	260	h03590_94	0	94	0	0
-1	261	h03591_94	0	94	0	0
-1	262	h03592_94	0	94	0	0
-1	263	h03593_94	0	94	0	0
-1	264	h03594_94	0	94	0	0
-1	265	h03595_94	0	94	0	0
-1	266	h03596_94	0	94	0	0
-1	267	h03597_94	0	94	0	0
-1	268	dod2801_95	0	95	0	0
-1	269	dod2802_95	0	95	0	0
-1	270	dod2803_95	0	95	0	0
-1	271	dod2804_95	0	95	0	0
-1	272	dod2805_95	0	95	0	0
-1	273	dod2806_95	0	95	0	0
-1	274	dod2807_95	0	95	0	0
-1	275	dod2808_95	0	95	0	0
-1	276	dod2809_95	0	95	0	0
-1	277	dod2810_95	0	95	0	0
-1	278	dod2811_95	0	95	0	0
-1	279	dod2812_95	0	95	0	0
-1	280	dod2813_95	0	95	0	0
-1	281	dod2814_95	0	95	0	0
-1	282	dod2815_95	0	95	0	0
-1	283	dod2816_95	0	95	0	0
-1	284	dod2817_95	0	95	0	0
-1	285	dod2818_95	0	95	0	0
-1	286	dod2819_95	0	95	0	0
-1	287	dod2820_95	0	95	0	0
-1	288	h02821_95	0	95	0	0
-1	289	h02822_95	0	95	0	0
-1	290	h02823_95	0	95	0	0
-1	291	h02824_95	0	95	0	0
-1	292	h02825_95	0	95	0	0
-1	293	h02826_95	0	95	0	0
-1	294	h02827_95	0	95	0	0
-1	295	h02828_95	0	95	0	0
-1	296	h02829_95	0	95	0	0
-1	297	h02830_95	0	95	0	0
-1	298	h02831_95	0	95	0	0
-1	299	h02832_95	0	95	0	0
-1	300	h02833_95	0	95	0	0
-1	301	h02834_95	0	95	0	0
-1	302	h02835_95	0	95	0	0
-1	303	h02836_95	0	95	0	0
-1	304	h02837_95	0	95	0	0
-1	305	h02838_95	0	95	0	0
-1	306	h02839_95	0	95	0	0
-1	307	h02840_95	0	95	0	0
-1	308	h02841_95	0	95	0	0
-1	309	h02842_95	0	95	0	0
-1	310	h02843_95	0	95	0	0
-1	311	h02844_95	0	95	0	0
-1	312	h02845_95	0	95	0	0
-1	313	h02846_95	0	95	0	0
-1	314	h02847_95	0	95	0	0
-1	315	h02848_95	0	95	0	0
-1	316	h02849_95	0	95	0	0
-1	317	h02850_95	0	95	0	0
-1	318	h02851_95	0	95	0	0
-1	319	dod3101_96	0	96	0	0
-1	320	dod3102_96	0	96	0	0
-1	321	dod3103_96	0	96	0	0
-1	322	dod3104_96	0	96	0	0
-1	323	dod3105_96	0	96	0	0
-1	324	dod3106_96	0	96	0	0
-1	325	dod3107_96	0	96	0	0
-1	326	dod3108_96	0	96	0	0
-1	327	dod3109_96	0	96	0	0
-1	328	dod3110_96	0	96	0	0
-1	329	dod3111_96	0	96	0	0
-1	330	dod3112_96	0	96	0	0
-1	331	dod3113_96	0	96	0	0
-1	332	dod3114_96	0	96	0	0
-1	333	h00499_96	0	96	0	0
-1	334	h04424_96	0	96	0	0
-1	335	h04425_96	0	96	0	0
-1	336	h04426_96	0	96	0	0
-1	337	h04427_96	0	96	0	0
-1	338	h04428_96	0	96	0	0
-1	339	h04429_96	0	96	0	0
-1	340	h04430_96	0	96	0	0
-1	341	h04431_96	0	96	0	0
-1	342	h04432_96	0	96	0	0
-1	343	h04433_96	0	96	0	0
-1	344	h04434_96	0	96	0	0
-1	345	h04435_96	0	96	0	0
-1	346	h04436_96	0	96	0	0
-1	347	h04437_96	0	96	0	0
-1	348	h04438_96	0	96	0	0
-1	349	h04439_96	0	96	0	0
-1	350	n01612_96	0	96	0	0
-1	351	n01613_96	0	96	0	0
-1	352	n01614_96	0	96	0	0
-1	353	n01615_96	0	96	0	0
-1	354	n01616_96	0	96	0	0
-1	355	n01617_96	0	96	0	0
-1	356	n01618_96	0	96	0	0
-1	357	n01619_96	0	96	0	0
-1	358	n01620_96	0	96	0	0
-1	359	n01621_96	0	96	0	0
-1	360	n01622_96	0	96	0	0
-1	361	n01623_96	0	96	0	0
-1	362	n01624_96	0	96	0	0
-1	363	n01625_96	0	96	0	0
-1	364	n01626_96	0	96	0	0
-1	365	n01627_96	0	96	0	0
-1	366	n01628_96	0	96	0	0
-1	367	n01629_96	0	96	0	0
-1	368	n01630_96	0	96	0	0
-1	369	n01631_96	0	96	0	0
-1	370	n01632_96	0	96	0	0
-1	371	n01633_96	0	96	0	0
-1	372	n01634_96	0	96	0	0
-1	373	n01635_96	0	96	0	0
-1	374	n01636_96	0	96	0	0
-1	375	dod1201_97	0	97	0	0
-1	376	dod1202_97	0	97	0	0
-1	377	dod1203_97	0	97	0	0
-1	378	dod1204_97	0	97	0	0
-1	379	dod1205_97	0	97	0	0
-1	380	dod1206_97	0	97	0	0
-1	381	dod1207_97	0	97	0	0
-1	382	dod1208_97	0	97	0	0
-1	383	dod1209_97	0	97	0	0
-1	384	dod1210_97	0	97	0	0
-1	385	dod1211_97	0	97	0	0
-1	386	dod1212_97	0	97	0	0
-1	387	dod1213_97	0	97	0	0
-1	388	dod1214_97	0	97	0	0
-1	389	dod1215_97	0	97	0	0
-1	390	dod1216_97	0	97	0	0
-1	391	dod1217_97	0	97	0	0
-1	392	dod1218_97	0	97	0	0
-1	393	dod3401_97	0	97	0	0
-1	394	dod3402_97	0	97	0	0
-1	395	dod3403_97	0	97	0	0
-1	396	dod3404_97	0	97	0	0
-1	397	dod3405_97	0	97	0	0
-1	398	dod3406_97	0	97	0	0
-1	399	dod3407_97	0	97	0	0
-1	400	dod3408_97	0	97	0	0
-1	401	dod3409_97	0	97	0	0
-1	402	dod3410_97	0	97	0	0
-1	403	dod3411_97	0	97	0	0
-1	404	dod3412_97	0	97	0	0
-1	405	dod3413_97	0	97	0	0
-1	406	dod3414_97	0	97	0	0
-1	407	dod3415_97	0	97	0	0
-1	408	dod3416_97	0	97	0	0
-1	409	h04411_97	0	97	0	0
-1	410	h04412_97	0	97	0	0
-1	411	h04413_97	0	97	0	0
-1	412	h04414_97	0	97	0	0
-1	413	h04415_97	0	97	0	0
-1	414	h04416_97	0	97	0	0
-1	415	h04417_97	0	97	0	0
-1	416	h04418_97	0	97	0	0
-1	417	h04419_97	0	97	0	0
-1	418	h04420_97	0	97	0	0
-1	419	h04421_97	0	97	0	0
-1	420	h04422_97	0	97	0	0
-1	421	h04423_97	0	97	0	0
-1	422	h03108_98	0	98	0	0
-1	423	h03109_98	0	98	0	0
-1	424	h03110_98	0	98	0	0
-1	425	h03111_98	0	98	0	0
-1	426	h03112_98	0	98	0	0
-1	427	h03113_98	0	98	0	0
-1	428	h03115_98	0	98	0	0
-1	429	h03116_98	0	98	0	0
-1	430	h03117_98	0	98	0	0
-1	431	h03118_98	0	98	0	0
-1	432	h03119_98	0	98	0	0
-1	433	h03120_98	0	98	0	0
-1	434	h03121_98	0	98	0	0
-1	435	h03122_98	0	98	0	0
-1	436	h03123_98	0	98	0	0
-1	437	h03124_98	0	98	0	0
-1	438	h03125_98	0	98	0	0
-1	439	h03126_98	0	98	0	0
-1	440	h03127_98	0	98	0	0
-1	441	h03128_98	0	98	0	0
-1	442	h03129_98	0	98	0	0
-1	443	h03130_98	0	98	0	0
-1	444	h03131_98	0	98	0	0
-1	445	h03132_98	0	98	0	0
-1	446	h03133_98	0	98	0	0
-1	447	h03134_98	0	98	0	0
-1	448	h03135_98	0	98	0	0
-1	449	h03136_98	0	98	0	0
-1	450	h03137_98	0	98	0	0
-1	451	h03138_98	0	98	0	0
-1	452	h03139_98	0	98	0	0
-1	453	h03140_98	0	98	0	0
-1	454	h03141_98	0	98	0	0
-1	455	h03142_98	0	98	0	0
-1	456	h03143_98	0	98	0	0
-1	457	h01258_99	0	99	0	0
-1	458	h01259_99	0	99	0	0
-1	459	h01260_99	0	99	0	0
-1	460	h01261_99	0	99	0	0
-1	461	h01262_99	0	99	0	0
-1	462	h01263_99	0	99	0	0
-1	463	h01264_99	0	99	0	0
-1	464	h01265_99	0	99	0	0
-1	465	h01266_99	0	99	0	0
-1	466	h01267_99	0	99	0	0
-1	467	h01268_99	0	99	0	0
-1	468	h01269_99	0	99	0	0
-1	469	h01270_99	0	99	0	0
-1	470	h01271_99	0	99	0	0
-1	471	h01272_99	0	99	0	0
-1	472	h01273_99	0	99	0	0
-1	473	h01274_99	0	99	0	0
-1	474	h01275_99	0	99	0	0
-1	475	h01276_99	0	99	0	0
-1	476	h01277_99	0	99	0	0
-1	477	h01278_99	0	99	0	0
-1	478	h01279_99	0	99	0	0
-1	479	h01280_99	0	99	0	0
-1	480	h01281_99	0	99	0	0
-1	481	h01282_99	0	99	0	0
-1	482	h01283_99	0	99	0	0
-1	483	h01284_99	0	99	0	0
-1	484	h01285_99	0	99	0	0
-1	485	h01286_99	0	99	0	0
-1	486	h01287_99	0	99	0	0
-1	487	h01288_99	0	99	0	0
-1	488	h01289_99	0	99	0	0
-1	489	h01290_99	0	99	0	0
-1	490	h01291_99	0	99	0	0
-1	491	h01292_99	0	99	0	0
-1	492	h01293_99	0	99	0	0
-1	493	h01294_99	0	99	0	0
-1	494	h01295_99	0	99	0	0
-1	495	h01296_99	0	99	0	0
-1	496	h01297_99	0	99	0	0
-1	497	h01298_99	0	99	0	0
-1	498	h01299_99	0	99	0	0
-1	499	h01300_99	0	99	0	0
-1	500	h01301_99	0	99	0	0
-1	501	h01581_99	0	99	0	0
-1	502	h01582_99	0	99	0	0
-1	503	h01583_99	0	99	0	0
-1	504	h01584_99	0	99	0	0
-1	505	h01585_99	0	99	0	0
-1	506	h01586_99	0	99	0	0
-1	507	h01587_99	0	99	0	0
-1	508	h01588_99	0	99	0	0
-1	509	h01589_99	0	99	0	0
-1	510	h01590_99	0	99	0	0
-1	511	h01591_99	0	99	0	0
-1	512	h01592_99	0	99	0	0
-1	513	h01593_99	0	99	0	0
-1	514	h01594_99	0	99	0	0
-1	515	h01595_99	0	99	0	0
-1	516	h01596_99	0	99	0	0
-1	517	h01597_99	0	99	0	0
-1	518	h01598_99	0	99	0	0
-1	519	h01599_99	0	99	0	0
-1	520	h01600_99	0	99	0	0
-1	521	h01601_99	0	99	0	0
-1	522	h01602_99	0	99	0	0
-1	523	h01603_99	0	99	0	0
-1	524	h01604_99	0	99	0	0
-1	525	h01605_99	0	99	0	0
-1	526	h01606_99	0	99	0	0
-1	527	h01607_99	0	99	0	0
-1	528	h01608_99	0	99	0	0
-1	529	h01609_99	0	99	0	0
-1	530	h01610_99	0	99	0	0
-1	531	h01611_99	0	99	0	0
-1	532	h04457_99	0	99	0	0
-1	533	h04458_99	0	99	0	0
-1	534	h04459_99	0	99	0	0
-1	535	h04460_99	0	99	0	0
-1	536	h04461_99	0	99	0	0
-1	537	h04462_99	0	99	0	0
-1	538	h04463_99	0	99	0	0
-1	539	h04464_99	0	99	0	0
-1	540	h04465_99	0	99	0	0
-1	541	h04466_99	0	99	0	0
-1	542	h04467_99	0	99	0	0
-1	543	dod2901_100	0	100	0	0
-1	544	dod2902_100	0	100	0	0
-1	545	dod2903_100	0	100	0	0
-1	546	dod2904_100	0	100	0	0
-1	547	dod2905_100	0	100	0	0
-1	548	dod2906_100	0	100	0	0
-1	549	dod2907_100	0	100	0	0
-1	550	dod2908_100	0	100	0	0
-1	551	dod2909_100	0	100	0	0
-1	552	dod2910_100	0	100	0	0
-1	553	dod2911_100	0	100	0	0
-1	554	dod2912_100	0	100	0	0
-1	555	dod2913_100	0	100	0	0
-1	556	dod2914_100	0	100	0	0
-1	557	dod2915_100	0	100	0	0
-1	558	dod3601_100	0	100	0	0
-1	559	dod3602_100	0	100	0	0
-1	560	dod3603_100	0	100	0	0
-1	561	dod3604_100	0	100	0	0
-1	562	dod3605_100	0	100	0	0
-1	563	dod3606_100	0	100	0	0
-1	564	dod3607_100	0	100	0	0
-1	565	dod3608_100	0	100	0	0
-1	566	dod3609_100	0	100	0	0
-1	567	dod3610_100	0	100	0	0
-1	568	dod3611_100	0	100	0	0
-1	569	dod3612_100	0	100	0	0
-1	570	h00220_100	0	100	0	0
-1	571	h00221_100	0	100	0	0
-1	572	h02744_100	0	100	0	0
-1	573	h02745_100	0	100	0	0
-1	574	h02746_100	0	100	0	0
-1	575	h02747_100	0	100	0	0
-1	576	h02748_100	0	100	0	0
-1	577	h02749_100	0	100	0	0
-1	578	h02750_100	0	100	0	0
-1	579	h02751_100	0	100	0	0
-1	580	h02752_100	0	100	0	0
-1	581	h02753_100	0	100	0	0
-1	582	h02754_100	0	100	0	0
-1	583	h02755_100	0	100	0	0
-1	584	h02756_100	0	100	0	0
-1	585	h02757_100	0	100	0	0
-1	586	h02758_100	0	100	0	0
-1	587	h02759_100	0	100	0	0
-1	588	h02760_100	0	100	0	0
-1	589	h02761_100	0	100	0	0
-1	590	h02762_100	0	100	0	0
-1	591	h02763_100	0	100	0	0
-1	592	h02764_100	0	100	0	0
-1	593	h02765_100	0	100	0	0
-1	594	h02766_100	0	100	0	0
-1	595	h02767_100	0	100	0	0
-1	596	h02768_100	0	100	0	0
-1	597	h02769_100	0	100	0	0
-1	598	h02770_100	0	100	0	0
-1	599	h02771_100	0	100	0	0
-1	600	h02772_100	0	100	0	0
-1	601	h02773_100	0	100	0	0
-1	602	h02774_100	0	100	0	0
-1	603	h02775_100	0	100	0	0
-1	604	h02776_100	0	100	0	0
-1	605	h02778_100	0	100	0	0
-1	606	h02779_100	0	100	0	0
-1	607	h02780_100	0	100	0	0
-1	608	h02781_100	0	100	0	0
-1	609	h03797_100	0	100	0	0
-1	610	h03798_100	0	100	0	0
-1	611	h03799_100	0	100	0	0
-1	612	h03800_100	0	100	0	0
-1	613	h03801_100	0	100	0	0
-1	614	h03802_100	0	100	0	0
-1	615	h03803_100	0	100	0	0
-1	616	h03804_100	0	100	0	0
-1	617	h03805_100	0	100	0	0
-1	618	h03806_100	0	100	0	0
-1	619	h03807_100	0	100	0	0
-1	620	h03808_100	0	100	0	0
-1	621	h03809_100	0	100	0	0
-1	622	h03810_100	0	100	0	0
-1	623	h03811_100	0	100	0	0
-1	624	h03812_100	0	100	0	0
-1	625	h03813_100	0	100	0	0
-1	626	h03814_100	0	100	0	0
-1	627	h03815_100	0	100	0	0
-1	628	h03816_100	0	100	0	0
-1	629	h03817_100	0	100	0	0
-1	630	h03818_100	0	100	0	0
-1	631	h03819_100	0	100	0	0
-1	632	h03820_100	0	100	0	0
-1	633	h03821_100	0	100	0	0
-1	634	h03822_100	0	100	0	0
-1	635	h03823_100	0	100	0	0
-1	636	h03824_100	0	100	0	0
-1	637	h03825_100	0	100	0	0
-1	638	h03826_100	0	100	0	0
-1	639	h03827_100	0	100	0	0
-1	640	h03828_100	0	100	0	0
-1	641	h03829_100	0	100	0	0
-1	642	h03830_100	0	100	0	0
-1	643	h03831_100	0	100	0	0
-1	644	n00500_100	0	100	0	0
-1	645	n00501_100	0	100	0	0
-1	646	n00502_100	0	100	0	0
-1	647	n00503_100	0	100	0	0
-1	648	n00504_100	0	100	0	0
-1	649	n00505_100	0	100	0	0
-1	650	n00506_100	0	100	0	0
-1	651	n00507_100	0	100	0	0
-1	652	n00508_100	0	100	0	0
-1	653	n00509_100	0	100	0	0
-1	654	n00510_100	0	100	0	0
-1	655	n01199_100	0	100	0	0
-1	656	n01200_100	0	100	0	0
-1	657	n01201_100	0	100	0	0
-1	658	n01202_100	0	100	0	0
-1	659	n01203_100	0	100	0	0
-1	660	n01204_100	0	100	0	0
-1	661	n01205_100	0	100	0	0
-1	662	n01206_100	0	100	0	0
-1	663	n01207_100	0	100	0	0
-1	664	n01208_100	0	100	0	0
-1	665	n01209_100	0	100	0	0
-1	666	n01210_100	0	100	0	0
-1	667	n01211_100	0	100	0	0
-1	668	n01212_100	0	100	0	0
-1	669	n01213_100	0	100	0	0
-1	670	n01214_100	0	100	0	0
-1	671	n01215_100	0	100	0	0
-1	672	n01216_100	0	100	0	0
-1	673	n01217_100	0	100	0	0
-1	674	n01218_100	0	100	0	0
-1	675	n01219_100	0	100	0	0
-1	676	n01220_100	0	100	0	0
-1	677	n01221_100	0	100	0	0
-1	678	n01222_100	0	100	0	0
-1	679	n01223_100	0	100	0	0
-1	680	n01224_100	0	100	0	0
-1	681	n01225_100	0	100	0	0
-1	682	n01226_100	0	100	0	0
-1	683	n01227_100	0	100	0	0
-1	684	b01941_102	0	102	0	0
-1	685	b01942_102	0	102	0	0
-1	686	h00809_102	0	102	0	0
-1	687	h00810_102	0	102	0	0
-1	688	h00811_102	0	102	0	0
-1	689	h00812_102	0	102	0	0
-1	690	h00813_102	0	102	0	0
-1	691	h00814_102	0	102	0	0
-1	692	h00815_102	0	102	0	0
-1	693	h00816_102	0	102	0	0
-1	694	h00817_102	0	102	0	0
-1	695	h00818_102	0	102	0	0
-1	696	h00819_102	0	102	0	0
-1	697	h00820_102	0	102	0	0
-1	698	h00821_102	0	102	0	0
-1	699	h00822_102	0	102	0	0
-1	700	h00943_102	0	102	0	0
-1	701	n00187_102	0	102	0	0
-1	702	n00190_102	0	102	0	0
-1	703	n00191_102	0	102	0	0
-1	704	n00192_102	0	102	0	0
-1	705	n00193_102	0	102	0	0
-1	706	n00194_102	0	102	0	0
-1	707	n00195_102	0	102	0	0
-1	708	n00196_102	0	102	0	0
-1	709	n01302_102	0	102	0	0
-1	710	n01303_102	0	102	0	0
-1	711	n01304_102	0	102	0	0
-1	712	n01305_102	0	102	0	0
-1	713	n01306_102	0	102	0	0
-1	714	n01307_102	0	102	0	0
-1	715	n01314_102	0	102	0	0
-1	716	n01315_102	0	102	0	0
-1	717	n01316_102	0	102	0	0
-1	718	n01317_102	0	102	0	0
-1	719	n01318_102	0	102	0	0
-1	720	n01319_102	0	102	0	0
-1	721	n01320_102	0	102	0	0
-1	722	n01321_102	0	102	0	0
-1	723	n01322_102	0	102	0	0
-1	724	n01323_102	0	102	0	0
-1	725	n01324_102	0	102	0	0
-1	726	n01325_102	0	102	0	0
-1	727	n01326_102	0	102	0	0
-1	728	n01327_102	0	102	0	0
-1	729	n01328_102	0	102	0	0
-1	730	n01329_102	0	102	0	0
-1	731	n01330_102	0	102	0	0
-1	732	n01331_102	0	102	0	0
-1	733	n01332_102	0	102	0	0
-1	734	n01333_102	0	102	0	0
-1	735	n01334_102	0	102	0	0
-1	736	dod3201_103	0	103	0	0
-1	737	dod3202_103	0	103	0	0
-1	738	dod3203_103	0	103	0	0
-1	739	dod3204_103	0	103	0	0
-1	740	dod3205_103	0	103	0	0
-1	741	dod3206_103	0	103	0	0
-1	742	dod3207_103	0	103	0	0
-1	743	dod3208_103	0	103	0	0
-1	744	dod3209_103	0	103	0	0
-1	745	dod3210_103	0	103	0	0
-1	746	dod3211_103	0	103	0	0
-1	747	dod3212_103	0	103	0	0
-1	748	h04449_103	0	103	0	0
-1	749	h04450_103	0	103	0	0
-1	750	h04451_103	0	103	0	0
-1	751	h04452_103	0	103	0	0
-1	752	h04453_103	0	103	0	0
-1	753	h04454_103	0	103	0	0
-1	754	h04455_103	0	103	0	0
-1	755	h04456_103	0	103	0	0
-1	756	h00397_105	0	105	0	0
-1	757	h00403_105	0	105	0	0
-1	758	h00406_105	0	105	0	0
-1	759	h00407_105	0	105	0	0
-1	760	h00408_105	0	105	0	0
-1	761	h00411_105	0	105	0	0
-1	762	h04440_105	0	105	0	0
-1	763	h04441_105	0	105	0	0
-1	764	h04442_105	0	105	0	0
-1	765	h04443_105	0	105	0	0
-1	766	h04444_105	0	105	0	0
-1	767	h04445_105	0	105	0	0
-1	768	h04446_105	0	105	0	0
-1	769	h04447_105	0	105	0	0
-1	770	h04448_105	0	105	0	0
-1	771	dod3301_107	0	107	0	0
-1	772	dod3302_107	0	107	0	0
-1	773	dod3303_107	0	107	0	0
-1	774	dod3304_107	0	107	0	0
-1	775	dod3305_107	0	107	0	0
-1	776	dod3306_107	0	107	0	0
-1	777	dod3307_107	0	107	0	0
-1	778	dod3308_107	0	107	0	0
-1	779	dod3309_107	0	107	0	0
-1	780	dod3310_107	0	107	0	0
-1	781	dod3311_107	0	107	0	0
-1	782	dod3312_107	0	107	0	0
-1	783	dod3313_107	0	107	0	0
-1	784	dod3314_107	0	107	0	0
-1	785	dod3315_107	0	107	0	0
-1	786	h01677_108	0	108	0	0
-1	787	h01678_108	0	108	0	0
-1	788	h01679_108	0	108	0	0
-1	789	h01680_108	0	108	0	0
-1	790	h01681_108	0	108	0	0
-1	791	h01682_108	0	108	0	0
-1	792	h01683_108	0	108	0	0
-1	793	h01684_108	0	108	0	0
-1	794	h01685_108	0	108	0	0
-1	795	h01686_108	0	108	0	0
-1	796	h01687_108	0	108	0	0
-1	797	h01688_108	0	108	0	0
-1	798	h01689_108	0	108	0	0
-1	799	h01690_108	0	108	0	0
-1	800	h01691_108	0	108	0	0
-1	801	h01692_108	0	108	0	0
-1	802	h01693_108	0	108	0	0
-1	803	h01694_108	0	108	0	0
-1	804	h01695_108	0	108	0	0
-1	805	h01696_108	0	108	0	0
-1	806	h01697_108	0	108	0	0
-1	807	h01698_108	0	108	0	0
-1	808	h01699_108	0	108	0	0
-1	809	h01700_108	0	108	0	0
-1	810	h01701_108	0	108	0	0
-1	811	h01702_108	0	108	0	0
-1	812	n01373_108	0	108	0	0
-1	813	n01374_108	0	108	0	0
-1	814	n01375_108	0	108	0	0
-1	815	n01376_108	0	108	0	0
-1	816	n01377_108	0	108	0	0
-1	817	n01378_108	0	108	0	0
-1	818	n01379_108	0	108	0	0
-1	819	n01380_108	0	108	0	0
-1	820	n01381_108	0	108	0	0
-1	821	n01382_108	0	108	0	0
-1	822	n01383_108	0	108	0	0
-1	823	n01384_108	0	108	0	0
-1	824	n01385_108	0	108	0	0
-1	825	n01386_108	0	108	0	0
-1	826	n01387_108	0	108	0	0
-1	827	n01388_108	0	108	0	0
-1	828	n01389_108	0	108	0	0
-1	829	n01390_108	0	108	0	0
-1	830	n01391_108	0	108	0	0
-1	831	n01392_108	0	108	0	0
-1	832	n01393_108	0	108	0	0
-1	833	n01394_108	0	108	0	0
-1	834	n01395_108	0	108	0	0
-1	835	n01396_108	0	108	0	0
-1	836	n01397_108	0	108	0	0
-1	837	n01398_108	0	108	0	0
-1	838	n01399_108	0	108	0	0
-1	839	n01400_108	0	108	0	0
-1	840	n01401_108	0	108	0	0
-1	841	dod3001_110	0	110	0	0
-1	842	dod3002_110	0	110	0	0
-1	843	dod3003_110	0	110	0	0
-1	844	dod3004_110	0	110	0	0
-1	845	dod3005_110	0	110	0	0
-1	846	dod3006_110	0	110	0	0
-1	847	dod3007_110	0	110	0	0
-1	848	dod3008_110	0	110	0	0
-1	849	dod3009_110	0	110	0	0
-1	850	dod3010_110	0	110	0	0
-1	851	dod3011_110	0	110	0	0
-1	852	dod3012_110	0	110	0	0
-1	853	dod3013_110	0	110	0	0
-1	854	dod3014_110	0	110	0	0
-1	855	dod3015_110	0	110	0	0
-1	856	dod3016_110	0	110	0	0
-1	857	dod3017_110	0	110	0	0
-1	858	dod3018_110	0	110	0	0
-1	859	dod3501_110	0	110	0	0
-1	860	dod3502_110	0	110	0	0
-1	861	dod3503_110	0	110	0	0
-1	862	dod3504_110	0	110	0	0
-1	863	dod3505_110	0	110	0	0
-1	864	dod3506_110	0	110	0	0
-1	865	dod3507_110	0	110	0	0
-1	866	dod3508_110	0	110	0	0
-1	867	dod3509_110	0	110	0	0
-1	868	dod3510_110	0	110	0	0
-1	869	dod3511_110	0	110	0	0
-1	870	h03755_110	0	110	0	0
-1	871	h03756_110	0	110	0	0
-1	872	h03757_110	0	110	0	0
-1	873	h03758_110	0	110	0	0
-1	874	h03759_110	0	110	0	0
-1	875	h03760_110	0	110	0	0
-1	876	h03761_110	0	110	0	0
-1	877	h03762_110	0	110	0	0
-1	878	h03763_110	0	110	0	0
-1	879	h03764_110	0	110	0	0
-1	880	h03765_110	0	110	0	0
-1	881	h03766_110	0	110	0	0
-1	882	h03767_110	0	110	0	0
-1	883	h03768_110	0	110	0	0
-1	884	h03769_110	0	110	0	0
-1	885	h03770_110	0	110	0	0
-1	886	h03771_110	0	110	0	0
-1	887	h03772_110	0	110	0	0
-1	888	h03773_110	0	110	0	0
-1	889	h03774_110	0	110	0	0
-1	890	h03775_110	0	110	0	0
-1	891	h03776_110	0	110	0	0
-1	892	h03777_110	0	110	0	0
-1	893	h03778_110	0	110	0	0
-1	894	h03779_110	0	110	0	0
-1	895	h03780_110	0	110	0	0
-1	896	h03781_110	0	110	0	0
-1	897	h03782_110	0	110	0	0
-1	898	h03783_110	0	110	0	0
-1	899	h03784_110	0	110	0	0
-1	900	h03785_110	0	110	0	0
-1	901	h03786_110	0	110	0	0
-1	902	h03787_110	0	110	0	0
-1	903	h03788_110	0	110	0	0
-1	904	h03789_110	0	110	0	0
-1	905	h03790_110	0	110	0	0
-1	906	h03791_110	0	110	0	0
-1	907	h03792_110	0	110	0	0
-1	908	h03793_110	0	110	0	0
-1	909	h03794_110	0	110	0	0
-1	910	h03795_110	0	110	0	0
-1	911	h03796_110	0	110	0	0
-1	912	h04468_110	0	110	0	0
-1	913	h04469_110	0	110	0	0
-1	914	h04470_110	0	110	0	0
-1	915	h04471_110	0	110	0	0
-1	916	h04472_110	0	110	0	0
-1	917	h04473_110	0	110	0	0
-1	918	h04474_110	0	110	0	0
-1	919	h04475_110	0	110	0	0
-1	920	h04476_110	0	110	0	0
-1	921	h04477_110	0	110	0	0
-1	922	h04478_110	0	110	0	0
-1	923	h04479_110	0	110	0	0
-1	924	h04480_110	0	110	0	0
-1	925	h04481_110	0	110	0	0
-1	926	h04482_110	0	110	0	0
-1	927	h04483_110	0	110	0	0
-1	928	h04484_110	0	110	0	0
-1	929	h04485_110	0	110	0	0
-1	930	h04486_110	0	110	0	0
-1	931	h04487_110	0	110	0	0
-1	932	dod2401_112	0	112	0	0
-1	933	dod2402_112	0	112	0	0
-1	934	dod2403_112	0	112	0	0
-1	935	dod2404_112	0	112	0	0
-1	936	dod2405_112	0	112	0	0
-1	937	dod2406_112	0	112	0	0
-1	938	dod2407_112	0	112	0	0
-1	939	dod2408_112	0	112	0	0
-1	940	dod2409_112	0	112	0	0
-1	941	dod2410_112	0	112	0	0
-1	942	dod2411_112	0	112	0	0
-1	943	dod2412_112	0	112	0	0
-1	944	dod2413_112	0	112	0	0
-1	945	dod2414_112	0	112	0	0
-1	946	dod2415_112	0	112	0	0
-1	947	dod2416_112	0	112	0	0
-1	948	dod2417_112	0	112	0	0
-1	949	dod2418_112	0	112	0	0
-1	950	dod2419_112	0	112	0	0
-1	951	dod2420_112	0	112	0	0
-1	952	dod2421_112	0	112	0	0
-1	953	dod2422_112	0	112	0	0
-1	954	h03267_112	0	112	0	0
-1	955	h03268_112	0	112	0	0
-1	956	h03269_112	0	112	0	0
-1	957	h03270_112	0	112	0	0
-1	958	h03271_112	0	112	0	0
-1	959	h03272_112	0	112	0	0
-1	960	h03273_112	0	112	0	0
-1	961	h03274_112	0	112	0	0
-1	962	h03275_112	0	112	0	0
-1	963	h03276_112	0	112	0	0
-1	964	h03277_112	0	112	0	0
-1	965	h03278_112	0	112	0	0
-1	966	h03279_112	0	112	0	0
-1	967	h03280_112	0	112	0	0
-1	968	h03281_112	0	112	0	0
-1	969	h03282_112	0	112	0	0
-1	970	h03283_112	0	112	0	0
-1	971	h03284_112	0	112	0	0
-1	972	h03285_112	0	112	0	0
-1	973	h03286_112	0	112	0	0
-1	974	h03287_112	0	112	0	0
-1	975	h03288_112	0	112	0	0
-1	976	h03289_112	0	112	0	0
-1	977	h03290_112	0	112	0	0
-1	978	h03291_112	0	112	0	0
-1	979	h03292_112	0	112	0	0
-1	980	h03293_112	0	112	0	0
-1	981	h03294_112	0	112	0	0
-1	982	h03295_112	0	112	0	0
-1	983	h03296_112	0	112	0	0
-1	984	h03297_112	0	112	0	0
-1	985	h03298_112	0	112	0	0
-1	986	h03299_112	0	112	0	0
-1	987	h03300_112	0	112	0	0
-1	988	h03301_112	0	112	0	0
-1	989	h03302_112	0	112	0	0
-1	990	h03303_112	0	112	0	0
-1	991	h03304_112	0	112	0	0
-1	992	h03305_112	0	112	0	0
-1	993	h03306_112	0	112	0	0
-1	994	h03307_112	0	112	0	0
-1	995	h03308_112	0	112	0	0
-1	996	h03309_112	0	112	0	0
-1	997	h03310_112	0	112	0	0
-1	998	h03311_112	0	112	0	0
-1	999	h03312_112	0	112	0	0
-1	nanim001	b_spa_float	5	0	0	0
-1	nanim002	g_spa_float	5	0	0	0
-1	nanim003	b_spa_swimming	5	0	0	0
-1	nanim004	g_spa_swimming	5	0	0	0
-1	nanim005	b_spa_surface	5	0	0	0
-1	nanim006	g_spa_surface	5	0	0	0
-1	nanim007	b_dod_sit_idle	6	0	0	0
-1	nanim008	g_dod_sit_idle	6	0	0	0
-1	nanim009	b_dod_walk	8	0	0	0
-1	nanim010	g_dod_walk	6	0	0	0
-1	nanim011	b_dod_miss	6	0	0	0
-1	nanim012	b_dod_ready	7	0	0	0
-1	nanim013	g_dod_miss	6	0	0	0
-1	nanim014	g_dod_ready	6	0	0	0
-1	nanim015	b_dod_clothes	7	0	0	0
-1	nanim016	b_dod_clothes01	7	0	0	0
-1	nanim017	b_dod_hair	7	0	0	0
-1	nanim018	b_dod_hair01	7	0	0	0
-1	nanim019	b_dod_hand	7	0	0	0
-1	nanim020	b_dod_hand01	7	0	0	0
-1	nanim021	b_dod_shoes	7	0	0	0
-1	nanim022	b_dod_shoes01	7	0	0	0
-1	nanim023	b_dod_idle	8	0	0	0
-1	nanim024	b_dod_idle01	7	0	0	0
-1	nanim025	b_dod_idle02	7	0	0	0
-1	nanim026	b_dod_wing	7	0	0	0
-1	nanim027	b_dod_wing_fly_front	7	0	0	0
-1	nanim028	b_dod_wing_fly_idle	6	0	0	0
-1	nanim029	b_dod_wing_fly_idle01	7	0	0	0
-1	nanim030	g_dod_clothes	6	0	0	0
-1	nanim031	g_dod_clothes01	6	0	0	0
-1	nanim032	g_dod_hair	6	0	0	0
-1	nanim033	g_dod_hair01	6	0	0	0
-1	nanim034	g_dod_hand	6	0	0	0
-1	nanim035	g_dod_hand01	7	0	0	0
-1	nanim036	g_dod_shoes	6	0	0	0
-1	nanim037	g_dod_shoes01	6	0	0	0
-1	nanim038	g_dod_idle	6	0	0	0
-1	nanim039	g_dod_idle01	6	0	0	0
-1	nanim040	g_dod_idle02	8	0	0	0
-1	nanim041	g_dod_wing	6	0	0	0
-1	nanim042	g_dod_wing_fly_front	6	0	0	0
-1	nanim043	g_dod_wing_fly_idle	6	0	0	0
-1	nanim044	g_dod_wing_fly_idle01	6	0	0	0
-1	nanim045	house_hor_001_dod_boyidle01	6	0	0	0
-1	nanim046	pet_b_clothes	5	0	0	0
-1	nanim047	pet_b_clothes01	5	0	0	0
-1	nanim048	pet_b_idle	5	0	0	0
-1	nanim049	pet_b_idle01	5	0	0	0
-1	nanim050	pet_b_idle02	5	0	0	0
-1	nanim051	pet_b_happy	5	0	0	0
-1	nanim052	pet_b_mail	5	0	0	0
-1	nanim053	pet_b_run	5	0	0	0
-1	nanim054	pet_b_shipin	5	0	0	0
-1	nanim055	pet_b_happy	5	0	0	0
-1	nanim056	pet_g_clothes	5	0	0	0
-1	nanim057	pet_g_clothes01	5	0	0	0
-1	nanim058	pet_g_idle	5	0	0	0
-1	nanim059	pet_g_idle01	5	0	0	0
-1	nanim060	pet_g_idle02	5	0	0	0
-1	nanim061	pet_g_happy	5	0	0	0
-1	nanim062	pet_g_mail	5	0	0	0
-1	nanim063	pet_g_run	5	0	0	0
-1	nanim064	pet_g_shipin	5	0	0	0
-1	nanim065	pet_g_happy	5	0	0	0
