TaskID	TaskType	EventID	condExpr	TaskState
1010001	17	0	0	1
1010002	17	0	0	1
1010003	17	0	0	1
1010004	17	0	0	1
1010005	17	0	0	1
1010006	17	0	0	1
1010007	17	0	0	1
1010008	17	0	0	1
1010009	17	0	0	1
1010010	17	0	0	1
1010011	17	0	0	1
1020001	19	0	0	1
1020002	19	0	0	1
1020003	19	0	0	1
1020004	19	0	0	1
1020005	19	0	0	1
1020006	19	0	0	1
1020007	19	0	0	1
1020008	19	0	0	1
1020009	19	0	0	1
1020010	19	0	0	1
1020011	19	0	0	1
1020012	19	0	0	1
1030001	128	0	0	1
1030002	128	0	0	1
1030003	128	0	0	1
1030004	128	0	0	1
1030005	128	0	0	1
1030006	128	0	0	1
1030007	128	0	0	1
1030008	128	0	0	1
1030009	128	0	0	1
1030010	128	0	0	1
1030011	128	0	0	1
1030012	128	0	0	1
1030013	128	0	0	1
1030014	128	0	0	1
1030015	128	0	0	1
1030016	128	0	0	1
1030017	128	0	0	1
1030018	128	0	0	1
1030019	128	0	0	1
1030020	128	0	0	1
1030021	128	0	0	1
1030022	128	0	0	1
1030023	128	0	0	1
1030024	128	0	0	1
1030025	128	0	0	1
1030026	128	0	0	1
1030027	128	0	0	1
1030028	128	0	0	1
1030029	128	0	0	1
1030030	128	0	0	1
1030031	128	0	0	1
1030032	128	0	0	1
1030033	128	0	0	1
1030034	128	0	0	1
1030035	128	0	0	1
1030036	128	0	0	1
1030037	128	0	0	1
1030038	128	0	0	1
1030039	128	0	0	1
1030040	128	0	0	1
1030041	128	0	0	1
1030042	128	0	0	1
1030043	128	0	0	1
1030044	128	0	0	1
1030045	128	0	0	1
1030046	128	0	0	1
1030047	128	0	0	1
1030048	128	0	0	1
1030049	128	0	0	1
1030050	128	0	0	1
1030051	128	0	0	1
1030052	128	0	0	1
1030053	128	0	0	1
1030054	128	0	0	1
1030055	128	0	0	1
1030056	128	0	0	1
1030057	128	0	0	1
1030058	128	0	0	1
1030059	128	0	0	1
1030060	128	0	0	1
1030061	128	0	0	1
1030062	128	0	0	1
1030063	128	0	0	1
1030064	128	0	0	1
1030065	128	0	0	1
1030066	128	0	0	1
1030067	128	0	0	1
1030068	128	0	0	1
1030069	128	0	0	1
1030070	128	0	0	1
1030071	128	0	0	1
1030072	128	0	0	1
1030073	128	0	0	1
1030074	128	0	0	1
1030075	128	0	0	1
1030076	128	0	0	1
1030077	128	0	0	1
1030078	128	0	0	1
1030079	128	0	0	1
1030080	128	0	0	1
1030081	128	0	0	1
1030082	128	0	0	1
1030083	128	0	0	1
1030084	128	0	0	1
1030085	128	0	0	1
1030086	128	0	0	1
1030087	128	0	0	1
1030088	128	0	0	1
1030089	128	0	0	1
1030090	128	0	0	1
1030091	128	0	0	1
1030092	128	0	0	1
1030093	128	0	0	1
1030094	128	0	0	1
1030095	128	0	0	1
1030096	128	0	0	1
1030101	128	0	0	1
1030102	128	0	0	1
1030103	128	0	0	1
1030104	128	0	0	1
1030105	128	0	0	1
1030106	128	0	0	1
1030107	128	0	0	1
1030108	128	0	0	1
1030109	128	0	0	1
1030110	128	0	0	1
1030111	128	0	0	1
1030112	128	0	0	1
1030113	128	0	0	1
1030114	128	0	0	1
1030115	128	0	0	1
1030116	128	0	0	1
1030117	128	0	0	1
1030118	128	0	0	1
1030201	128	0	0	1
1030202	128	0	0	1
1030203	128	0	0	1
1030204	128	0	0	1
1030205	128	0	0	1
1030206	128	0	0	1
1030207	128	0	0	1
1030208	128	0	0	1
1030209	128	0	0	1
1030210	128	0	0	1
1030211	128	0	0	1
1030212	128	0	0	1
1030213	128	0	0	1
1030214	128	0	0	1
1030215	128	0	0	1
1030216	128	0	0	1
1030217	128	0	0	1
1030218	128	0	0	1
1030501	128	0	0	1
1030502	128	0	0	1
1030503	128	0	0	1
1030504	128	0	0	1
1030505	128	0	0	1
1030506	128	0	0	1
1030507	128	0	0	1
1030508	128	0	0	1
1030509	128	0	0	1
1030510	128	0	0	1
1030511	128	0	0	1
1030512	128	0	0	1
1030513	128	0	0	1
1030514	128	0	0	1
1030515	128	0	0	1
1030516	128	0	0	1
1030517	128	0	0	1
1030518	128	0	0	1
1030519	128	0	0	1
1030520	128	0	0	1
1030521	128	0	0	1
1030522	128	0	0	1
1030523	128	0	0	1
1030524	128	0	0	1
1030525	128	0	0	1
1030526	128	0	0	1
1030527	128	0	0	1
1030528	128	0	0	1
1030529	128	0	0	1
1030530	128	0	0	1
1030531	128	0	0	1
1030532	128	0	0	1
1030533	128	0	0	1
1030534	128	0	0	1
1030535	128	0	0	1
1030536	128	0	0	1
1030537	128	0	0	1
1030538	128	0	0	1
1030539	128	0	0	1
1030540	128	0	0	1
1030541	128	0	0	1
1030542	128	0	0	1
1030543	128	0	0	1
1030544	128	0	0	1
1030545	128	0	0	1
1030546	128	0	0	1
1030547	128	0	0	1
1030548	128	0	0	1
1030549	128	0	0	1
1030550	128	0	0	1
1030551	128	0	0	1
1030552	128	0	0	1
1030553	128	0	0	1
1030554	128	0	0	1
1030555	128	0	0	1
1030556	128	0	0	1
1030557	128	0	0	1
1030558	128	0	0	1
1030559	128	0	0	1
1030560	128	0	0	1
1030561	128	0	0	1
1030562	128	0	0	1
1030563	128	0	0	1
1030564	128	0	0	1
1030565	128	0	0	1
1030566	128	0	0	1
1030567	128	0	0	1
1030568	128	0	0	1
1030569	128	0	0	1
1030570	128	0	0	1
1030571	128	0	0	1
1030572	128	0	0	1
1030573	128	0	0	1
1030574	128	0	0	1
1030575	128	0	0	1
1030576	128	0	0	1
1030577	128	0	0	1
1030578	128	0	0	1
1030579	128	0	0	1
1030580	128	0	0	1
1030581	128	0	0	1
1030582	128	0	0	1
1030583	128	0	0	1
1030584	128	0	0	1
1030585	128	0	0	1
1030586	128	0	0	1
1030587	128	0	0	1
1030588	128	0	0	1
1030589	128	0	0	1
1030590	128	0	0	1
1030591	128	0	0	1
1030592	128	0	0	1
1030593	128	0	0	1
1030594	128	0	0	1
1030595	128	0	0	1
1030596	128	0	0	1
1030601	128	0	0	1
1030602	128	0	0	1
1030603	128	0	0	1
1030604	128	0	0	1
1030605	128	0	0	1
1030606	128	0	0	1
1030607	128	0	0	1
1030608	128	0	0	1
1030609	128	0	0	1
1030610	128	0	0	1
1030611	128	0	0	1
1030612	128	0	0	1
1030613	128	0	0	1
1030614	128	0	0	1
1030615	128	0	0	1
1030616	128	0	0	1
1030617	128	0	0	1
1030618	128	0	0	1
1030701	128	0	0	1
1030702	128	0	0	1
1030703	128	0	0	1
1030704	128	0	0	1
1030705	128	0	0	1
1030706	128	0	0	1
1030707	128	0	0	1
1030708	128	0	0	1
1030709	128	0	0	1
1030710	128	0	0	1
1030711	128	0	0	1
1030712	128	0	0	1
1030713	128	0	0	1
1030714	128	0	0	1
1030715	128	0	0	1
1030716	128	0	0	1
1030717	128	0	0	1
1030718	128	0	0	1
1030719	128	0	0	1
1030720	128	0	0	1
1030721	128	0	0	1
1030722	128	0	0	1
1030723	128	0	0	1
1030724	128	0	0	1
1030725	128	0	0	1
1030726	128	0	0	1
1030727	128	0	0	1
1030728	128	0	0	1
1030729	128	0	0	1
1030730	128	0	0	1
1030731	128	0	0	1
1030732	128	0	0	1
1030733	128	0	0	1
1030734	128	0	0	1
1030735	128	0	0	1
1030736	128	0	0	1
1030737	128	0	0	1
1030738	128	0	0	1
1030739	128	0	0	1
1030740	128	0	0	1
1030741	128	0	0	1
1030742	128	0	0	1
1030743	128	0	0	1
1030744	128	0	0	1
1030745	128	0	0	1
1030746	128	0	0	1
1030747	128	0	0	1
1030748	128	0	0	1
1030749	128	0	0	1
1030750	128	0	0	1
1030751	128	0	0	1
1030752	128	0	0	1
1030753	128	0	0	1
1030754	128	0	0	1
1030755	128	0	0	1
1030756	128	0	0	1
1030757	128	0	0	1
1030758	128	0	0	1
1030759	128	0	0	1
1030760	128	0	0	1
1030761	128	0	0	1
1030762	128	0	0	1
1030763	128	0	0	1
1030764	128	0	0	1
1030765	128	0	0	1
1030766	128	0	0	1
1030767	128	0	0	1
1030768	128	0	0	1
1030769	128	0	0	1
1030770	128	0	0	1
1030771	128	0	0	1
1030772	128	0	0	1
1030773	128	0	0	1
1030774	128	0	0	1
1030775	128	0	0	1
1030776	128	0	0	1
1030777	128	0	0	1
1030778	128	0	0	1
1030779	128	0	0	1
1030780	128	0	0	1
1030781	128	0	0	1
1030782	128	0	0	1
1030783	128	0	0	1
1030784	128	0	0	1
1030785	128	0	0	1
1030786	128	0	0	1
1030787	128	0	0	1
1030788	128	0	0	1
1030789	128	0	0	1
1030790	128	0	0	1
1030791	128	0	0	1
1030792	128	0	0	1
1030793	128	0	0	1
1030794	128	0	0	1
1030795	128	0	0	1
1030796	128	0	0	1
1030797	128	0	0	1
1030798	128	0	0	1
1030799	128	0	0	1
1030800	128	0	0	1
1030801	128	0	0	1
1030802	128	0	0	1
1030803	128	0	0	1
1030804	128	0	0	1
1030805	128	0	0	1
1030806	128	0	0	1
1030807	128	0	0	1
1030808	128	0	0	1
1030809	128	0	0	1
1030810	128	0	0	1
1030811	128	0	0	1
1030812	128	0	0	1
1030813	128	0	0	1
1030814	128	0	0	1
1030815	128	0	0	1
1030816	128	0	0	1
1030817	128	0	0	1
1030818	128	0	0	1
1030819	128	0	0	1
1030820	128	0	0	1
1030821	128	0	0	1
1030822	128	0	0	1
1030823	128	0	0	1
1030824	128	0	0	1
1030825	128	0	0	1
1030826	128	0	0	1
1030827	128	0	0	1
1030828	128	0	0	1
1030829	128	0	0	1
1030830	128	0	0	1
1030831	128	0	0	1
1030832	128	0	0	1
1030833	128	0	0	1
1030834	128	0	0	1
1030835	128	0	0	1
1030836	128	0	0	1
1030837	128	0	0	1
1030838	128	0	0	1
1030839	128	0	0	1
1030840	128	0	0	1
1030841	128	0	0	1
1030842	128	0	0	1
1030843	128	0	0	1
1030844	128	0	0	1
1030845	128	0	0	1
1030846	128	0	0	1
1030847	128	0	0	1
1030848	128	0	0	1
1030849	128	0	0	1
1030850	128	0	0	1
1030851	128	0	0	1
1030852	128	0	0	1
1030853	128	0	0	1
1030854	128	0	0	1
1030855	128	0	0	1
1030856	128	0	0	1
1030857	128	0	0	1
1030858	128	0	0	1
1030859	128	0	0	1
1030860	128	0	0	1
1030861	128	0	0	1
1030862	128	0	0	1
1030863	128	0	0	1
1030864	128	0	0	1
1030865	128	0	0	1
1030866	128	0	0	1
1030867	128	0	0	1
1030868	128	0	0	1
1030869	128	0	0	1
1030870	128	0	0	1
1030871	128	0	0	1
1030872	128	0	0	1
1030873	128	0	0	1
1030874	128	0	0	1
1030875	128	0	0	1
1030876	128	0	0	1
1030877	128	0	0	1
1030878	128	0	0	1
1030879	128	0	0	1
1030880	128	0	0	1
1030881	128	0	0	1
1030882	128	0	0	1
1030883	128	0	0	1
1030884	128	0	0	1
1030885	128	0	0	1
1030886	128	0	0	1
1030887	128	0	0	1
1030888	128	0	0	1
1030889	128	0	0	1
1030890	128	0	0	1
1030891	128	0	0	1
1030892	128	0	0	1
1030893	128	0	0	1
1030894	128	0	0	1
1030895	128	0	0	1
1030896	128	0	0	1
1030897	128	0	0	1
1030898	128	0	0	1
1030899	128	0	0	1
1030900	128	0	0	1
1030901	128	0	0	1
1030902	128	0	0	1
1030903	128	0	0	1
1030904	128	0	0	1
1030905	128	0	0	1
1030906	128	0	0	1
1030907	128	0	0	1
1030908	128	0	0	1
1030909	128	0	0	1
1030910	128	0	0	1
1030911	128	0	0	1
1030912	128	0	0	1
1030913	128	0	0	1
1030914	128	0	0	1
1030915	128	0	0	1
1030916	128	0	0	1
1030917	128	0	0	1
1030918	128	0	0	1
1030919	128	0	0	1
1030920	128	0	0	1
1030921	128	0	0	1
1030922	128	0	0	1
1030923	128	0	0	1
1030924	128	0	0	1
1030925	128	0	0	1
1030926	128	0	0	1
1030927	128	0	0	1
1030928	128	0	0	1
1030929	128	0	0	1
1030930	128	0	0	1
1030931	128	0	0	1
1030932	128	0	0	1
1030933	128	0	0	1
1030934	128	0	0	1
1030935	128	0	0	1
1030936	128	0	0	1
1030937	128	0	0	1
1030938	128	0	0	1
1030939	128	0	0	1
1030940	128	0	0	1
1030941	128	0	0	1
1030942	128	0	0	1
1030943	128	0	0	1
1030944	128	0	0	1
1030945	128	0	0	1
1030946	128	0	0	1
1030947	128	0	0	1
1030948	128	0	0	1
1030949	128	0	0	1
1030950	128	0	0	1
1030951	128	0	0	1
1030952	128	0	0	1
1030953	128	0	0	1
1030954	128	0	0	1
1030955	128	0	0	1
1030956	128	0	0	1
1030957	128	0	0	1
1030958	128	0	0	1
1030959	128	0	0	1
1030960	128	0	0	1
1030961	128	0	0	1
1030962	128	0	0	1
1030963	128	0	0	1
1030964	128	0	0	1
1030965	128	0	0	1
1030966	128	0	0	1
1030967	128	0	0	1
1030968	128	0	0	1
1030969	128	0	0	1
1030970	128	0	0	1
1030971	128	0	0	1
1030972	128	0	0	1
1030973	128	0	0	1
1030974	128	0	0	1
1030975	128	0	0	1
1030976	128	0	0	1
1035001	128	0	0	1
1035101	128	0	0	1
1040001	18	0	0	1
1040002	18	0	0	1
1040003	18	0	0	1
1040004	18	0	0	1
1040005	18	0	0	1
1040006	18	0	0	1
1040007	18	0	0	1
1040008	18	0	0	1
1040009	18	0	0	1
1040010	18	0	0	1
1040011	18	0	0	1
1040012	18	0	0	1
1040013	18	0	0	1
1040014	18	0	0	1
1040015	18	0	0	1
1040016	18	0	0	1
1040017	18	0	0	1
1040018	18	0	0	1
1040019	18	0	0	1
1040020	18	0	0	1
1040021	18	0	0	1
1040022	18	0	0	1
1040023	18	0	0	1
1040024	18	0	0	1
1040025	18	0	0	1
1040026	18	0	0	1
1040027	18	0	0	1
1040028	18	0	0	1
1040029	18	0	0	1
1040030	18	0	0	1
1040031	18	0	0	1
1040032	18	0	0	1
1040033	18	0	0	1
1040034	18	0	0	1
1040035	18	0	0	1
1040036	18	0	0	1
1040037	18	0	0	1
1040038	18	0	0	1
1040039	18	0	0	1
1040040	18	0	0	1
1040041	18	0	0	1
1040042	18	0	0	1
1040043	18	0	0	1
1040044	18	0	0	1
1040045	18	0	0	1
1040046	18	0	0	1
1040047	18	0	0	1
1040048	18	0	0	1
1040049	18	0	0	1
1040050	18	0	0	1
1050001	20	0	0	1
1050002	20	0	0	1
1050003	20	0	0	1
1050004	20	0	0	1
1050005	21	0	0	1
1050006	20	0	0	1
1050007	20	0	0	1
1050008	20	0	0	1
1050009	20	0	0	1
1050010	20	0	0	1
1050011	21	0	0	1
1050012	20	0	0	1
1050013	20	0	0	1
1050014	20	0	0	1
1050015	21	0	0	1
1050016	21	0	0	1
1050017	20	0	0	1
1050018	20	0	0	1
1050019	20	0	0	1
1050501	20	0	0	1
1050502	20	0	0	1
1050503	20	0	0	1
1050504	20	0	0	1
1050505	20	0	0	1
1050506	20	0	0	1
1050507	20	0	0	1
1050508	20	0	0	1
1050509	20	0	0	1
1050510	20	0	0	1
1050511	20	0	0	1
1050512	20	0	0	1
1050513	20	0	0	1
1050514	20	0	0	1
1050515	20	0	0	1
1050516	20	0	0	1
1050517	20	0	0	1
1050518	20	0	0	1
1050519	20	0	0	1
1050520	20	0	0	1
1050521	20	0	0	1
1060001	64	0	0	1
1070001	35	0	0	1
1070002	35	0	0	1
1070003	35	0	0	1
1070004	35	0	0	1
1070005	35	0	0	1
1070006	35	0	0	1
1070007	35	0	0	1
1070008	35	0	0	1
1070009	35	0	0	1
1070010	35	0	0	1
1080001	9	0	0	1
1080002	9	0	0	1
1080003	9	0	0	1
1080004	9	0	0	1
1080005	9	0	0	1
1080006	9	0	0	1
1080007	9	0	0	1
1080008	9	0	0	1
1080009	9	0	0	1
1080010	9	0	0	1
1080011	9	0	0	1
1080012	9	0	0	1
1080013	9	0	0	1
1080014	9	0	0	1
1080015	9	0	0	1
1080016	9	0	0	1
1080017	9	0	0	1
1080018	9	0	0	1
1080019	9	0	0	1
1080020	9	0	0	1
1080021	9	0	0	1
1080022	9	0	0	1
1080023	9	0	0	1
1080024	9	0	0	1
1080025	9	0	0	1
1080026	9	0	0	1
1080027	9	0	0	1
1080028	9	0	0	1
1080029	9	0	0	1
1080030	9	0	0	1
1080031	9	0	0	1
1080032	9	0	0	1
1080033	9	0	0	1
1080034	9	0	0	1
1080035	9	0	0	1
1080036	9	0	0	1
1080037	9	0	0	1
1080038	9	0	0	1
1080039	9	0	0	1
1080040	9	0	0	1
1080041	9	0	0	1
1080042	9	0	0	1
1080043	9	0	0	1
1080044	9	0	0	1
1080045	9	0	0	1
1080046	9	0	0	1
1080047	9	0	0	1
1080048	9	0	0	1
1080049	9	0	0	1
1080050	9	0	0	1
1080051	9	0	0	1
1080052	9	0	0	1
1080053	9	0	0	1
1080055	9	0	0	1
1080056	9	0	0	1
1080057	9	0	0	1
1080058	9	0	0	1
1080059	9	0	0	1
1080060	9	0	0	1
1080061	9	0	0	1
1080062	9	0	0	1
1080063	9	0	0	1
1080064	9	0	0	1
1080065	9	0	0	1
1080066	9	0	0	1
1080067	9	0	0	1
1080068	9	0	0	1
1080069	9	0	0	1
1080070	9	0	0	1
1080071	9	0	0	1
1080072	9	0	0	1
1080073	9	0	0	1
1080074	9	0	0	1
1080075	9	0	0	1
1080076	9	0	0	1
1080077	9	0	0	1
1080078	9	0	0	1
1080079	9	0	0	1
1080080	9	0	0	1
1080081	9	0	0	1
1080082	9	0	0	1
1080083	9	0	0	1
1080084	9	0	0	1
1080085	9	0	0	1
1080086	9	0	0	1
1080087	9	0	0	1
1080088	9	0	0	1
1080089	9	0	0	1
1080090	9	0	0	1
1080091	9	0	0	1
1080092	9	0	0	1
1080093	9	0	0	1
1080094	9	0	0	1
1080095	9	0	0	1
1080096	9	0	0	1
1080097	9	0	0	1
1080098	9	0	0	1
1080099	9	0	0	1
1080100	9	0	0	1
1080101	9	0	0	1
1080102	9	0	0	1
1080103	9	0	0	1
1080104	9	0	0	1
1080105	9	0	0	1
1080106	9	0	0	1
1080107	9	0	0	1
1080108	9	0	0	1
1080109	9	0	0	1
1080110	9	0	0	1
1080111	9	0	0	1
1080112	9	0	0	1
1080513	9	0	0	1
1080514	9	0	0	1
1080515	9	0	0	1
1080516	9	0	0	1
1080517	9	0	0	1
1080518	9	0	0	1
1080519	9	0	0	1
1080520	9	0	0	1
1080521	9	0	0	1
1080522	9	0	0	1
1080523	9	0	0	1
1080524	9	0	0	1
1090001	10	0	0	1
1090002	10	0	0	1
1090003	10	0	0	1
1090004	10	0	0	1
1090005	10	0	0	1
1090006	10	0	0	1
1090007	10	0	0	1
1090008	10	0	0	1
1090009	10	0	0	1
1090010	10	0	0	1
1090011	10	0	0	1
1090012	10	0	0	1
1090013	10	0	0	1
1090014	10	0	0	1
1090015	10	0	0	1
1090016	10	0	0	1
1090017	10	0	0	1
1090018	10	0	0	1
1090019	10	0	0	1
1090020	10	0	0	1
1090021	10	0	0	1
1090022	10	0	0	1
1090023	10	0	0	1
1090024	10	0	0	1
1090025	10	0	0	1
1090026	10	0	0	1
1090027	10	0	0	1
1090028	10	0	0	1
1090029	10	0	0	1
1090030	10	0	0	1
1090031	10	0	0	1
1090032	10	0	0	1
1090033	10	0	0	1
1090034	10	0	0	1
1090035	10	0	0	1
1090036	10	0	0	1
1090037	10	0	0	1
1090038	10	0	0	1
1090039	10	0	0	1
1090040	10	0	0	1
1090041	10	0	0	1
1090042	10	0	0	1
1090043	10	0	0	1
1090044	10	0	0	1
1090045	10	0	0	1
1090046	10	0	0	1
1090047	10	0	0	1
1090048	10	0	0	1
1090049	10	0	0	1
1090050	10	0	0	1
1090101	10	0	0	1
1090102	10	0	0	1
1090103	10	0	0	1
1090104	10	0	0	1
1090105	10	0	0	1
1090106	10	0	0	1
1090107	10	0	0	1
1090108	10	0	0	1
1090109	10	0	0	1
1090110	10	0	0	1
1090111	10	0	0	1
1090112	10	0	0	1
1090113	10	0	0	1
1090114	10	0	0	1
1090115	10	0	0	1
1090116	10	0	0	1
1090117	10	0	0	1
1090118	10	0	0	1
1090119	10	0	0	1
1090120	10	0	0	1
1090121	10	0	0	1
1090122	10	0	0	1
1090123	10	0	0	1
1090124	10	0	0	1
1090125	10	0	0	1
1100001	33	0	0	1
1100002	33	0	0	1
1100003	33	0	0	1
1100004	33	0	0	1
1100005	33	0	0	1
1130001	36	0	0	1
1130002	36	0	0	1
1130003	36	0	0	1
1130004	36	0	0	1
1130005	36	0	0	1
1200001	34	0	0	1
1200002	34	0	0	1
1200003	34	0	0	1
1200004	34	0	0	1
1200005	34	0	0	1
1200006	34	0	0	1
1200007	34	0	0	1
