Type	StartKey	MinKey	MaxKey	KeyCnt	Times	Random	Desc
1	1	3	5	1	0	90,10	
1	1	3	5	2	0	80,20	
1	1	3	5	3	0	70,30	
1	1	3	5	3	1	0,10,90	
1	1	3	5	3	2	0,0,20,80	
1	1	3	5	3	3	0,0,0,20,80	
1	1	3	5	3	4	0,0,0,0,20,80	
1	1	3	5	3	5	0,0,0,0,0,20,80	
1	1	3	5	4	0	10,10,80	
1	1	3	5	4	1	0,20,80	
1	1	3	5	4	2	0,0,20,80	
1	1	3	5	4	3	0,0,0,20,80	
1	1	3	5	4	4	0,0,0,0,20,80	
1	1	3	5	4	5	0,0,0,0,0,20,80	
1	1	3	5	5	0	0,30,70	
1	1	3	5	5	1	0,30,70	
1	1	3	5	5	2	0,0,20,80	
1	1	3	5	5	3	0,0,0,20,80	
1	1	3	5	5	4	0,0,0,0,20,80	
1	1	3	5	5	5	0,0,0,0,0,20,80	
2	1	4	6	1	0	90,10	
2	1	4	6	2	0	80,20	
2	1	4	6	3	0	70,30	
2	1	4	6	4	0	10,10,80	
2	1	4	6	4	1	0,20,80	
2	1	4	6	4	2	0,0,20,80	
2	1	4	6	4	3	0,0,0,20,80	
2	1	4	6	4	4	0,0,0,0,20,80	
2	1	4	6	4	5	0,0,0,0,0,20,80	
2	1	4	6	5	0	0,30,70	
2	1	4	6	5	1	0,30,70	
2	1	4	6	5	2	0,0,20,80	
2	1	4	6	5	3	0,0,0,20,80	
2	1	4	6	5	4	0,0,0,0,20,80	
2	1	4	6	5	5	0,0,0,0,0,20,80	
2	1	4	6	6	0	0,40,60	
2	1	4	6	6	1	0,20,80	
2	1	4	6	6	2	0,0,20,80	
2	1	4	6	6	3	0,0,0,20,80	
2	1	4	6	6	4	0,0,0,0,20,80	
2	1	4	6	6	5	0,0,0,0,0,20,80	
3	1	4	7	1	0	90,10	
3	1	4	7	2	0	80,20	
3	1	4	7	3	0	70,30	
3	1	4	7	4	0	0,10,80,10	
3	1	4	7	4	1	0,20,80	
3	1	4	7	4	2	0,0,20,80	
3	1	4	7	4	3	0,0,0,20,80	
3	1	4	7	4	4	0,0,0,0,20,80	
3	1	4	7	4	5	90,10	
3	1	4	7	5	0	0,10,70,20	
3	1	4	7	5	1	0,20,80	
3	1	4	7	5	2	0,0,20,80	
3	1	4	7	5	3	0,0,0,20,80	
3	1	4	7	5	4	0,0,0,0,20,80	
3	1	4	7	5	5	0,0,0,0,0,20,80	
3	1	4	7	6	0	0,30,60,10	
3	1	4	7	6	1	0,20,80	
3	1	4	7	6	2	0,0,20,80	
3	1	4	7	6	3	0,0,0,20,80	
3	1	4	7	6	4	0,0,0,0,20,80	
3	1	4	7	6	5	0,0,0,0,0,20,80	
3	1	4	7	7	0	0,20,60,20	
3	1	4	7	7	1	0,20,80	
3	1	4	7	7	2	0,0,20,80	
3	1	4	7	7	3	0,0,0,20,80	
3	1	4	7	7	4	0,0,0,0,20,80	
3	1	4	7	7	5	0,0,0,0,0,20,80	
4	1	4	8	1	0	90,10	
4	1	4	8	2	0	80,20	
4	1	4	8	3	0	70,30	
4	1	4	8	4	0	0,10,80,10	
4	1	4	8	4	1	0,20,80	
4	1	4	8	4	2	0,0,20,80	
4	1	4	8	4	3	0,0,0,20,80	
4	1	4	8	4	4	0,0,0,0,20,80	
4	1	4	8	4	5	0,0,0,0,0,20,80	
4	1	4	8	5	0	0,10,70,20	
4	1	4	8	5	1	0,20,80	
4	1	4	8	5	2	0,0,20,80	
4	1	4	8	5	3	0,0,0,20,80	
4	1	4	8	5	4	0,0,0,0,20,80	
4	1	4	8	5	5	0,0,0,0,0,20,80	
4	1	4	8	6	0	0,30,60,10	
4	1	4	8	6	1	0,20,80	
4	1	4	8	6	2	0,0,20,80	
4	1	4	8	6	3	0,0,0,20,80	
4	1	4	8	6	4	0,0,0,0,20,80	
4	1	4	8	6	5	0,0,0,0,0,20,80	
4	1	4	8	7	0	0,20,60,20	
4	1	4	8	7	1	0,20,80	
4	1	4	8	7	2	0,0,20,80	
4	1	4	8	7	3	0,0,0,20,80	
4	1	4	8	7	4	0,0,0,0,20,80	
4	1	4	8	7	5	0,0,0,0,0,20,80	
4	1	4	8	8	0	0,20,60,20	
4	1	4	8	8	1	0,20,80	
4	1	4	8	8	2	0,0,20,80	
4	1	4	8	8	3	0,0,0,20,80	
4	1	4	8	8	4	0,0,0,0,20,80	
4	1	4	8	8	5	0,0,0,0,0,20,80	
5	1	5	8	1	0	90,10	
5	1	5	8	2	0	80,20	
5	1	5	8	3	0	70,30	
5	1	5	8	4	0	0,10,10,80	
5	1	5	8	4	2	0,0,80,20	
5	1	5	8	5	0	0,10,20,70	
5	1	5	8	5	1	0,0,0,80,20	
5	1	5	8	5	2	0,0,0,80,20	
5	1	5	8	5	3	0,0,0,0,80,20	
5	1	5	8	5	4	0,0,0,0,0,80,20	
5	1	5	8	5	5	0,0,0,0,0,0,80,20	
5	1	5	8	6	0	0,10,30,60	
5	1	5	8	6	1	0,0,0,80,20	
5	1	5	8	6	2	0,0,0,80,20	
5	1	5	8	6	3	0,0,0,0,80,20	
5	1	5	8	6	4	0,0,0,0,0,80,20	
5	1	5	8	6	5	0,0,0,0,0,0,80,20	
5	1	5	8	7	0	0,10,40,50	
5	1	5	8	7	1	0,0,0,80,20	
5	1	5	8	7	2	0,0,0,80,20	
5	1	5	8	7	3	0,0,0,0,80,20	
5	1	5	8	7	4	0,0,0,0,0,80,20	
5	1	5	8	7	5	0,0,0,0,0,0,80,20	
5	1	5	8	8	0	0,0,50,50	
5	1	5	8	8	1	0,0,0,80,20	
5	1	5	8	8	2	0,0,0,80,20	
5	1	5	8	8	3	0,0,0,0,80,20	
5	1	5	8	8	4	0,0,0,0,0,80,20	
5	1	5	8	8	5	0,0,0,0,0,0,80,20	
6	1	4	9	1	0	90,10	
6	1	4	9	2	0	80,20	
6	1	4	9	3	0	70,30	
6	1	4	9	4	0	0,10,80,10	
6	1	4	9	4	1	0,20,80	
6	1	4	9	4	3	0,0,0,80,20	
6	1	4	9	4	4	0,0,0,0,80,20	
6	1	4	9	4	5	0,0,0,0,0,80,20	
6	1	4	9	5	0	0,10,70,20	
6	1	4	9	5	1	0,20,80	
6	1	4	9	5	3	0,0,0,80,20	
6	1	4	9	5	4	0,0,0,0,80,20	
6	1	4	9	5	5	0,0,0,0,0,80,20	
6	1	4	9	6	0	0,30,60,10	
6	1	4	9	6	1	0,20,80	
6	1	4	9	6	3	0,0,0,80,20	
6	1	4	9	6	4	0,0,0,0,80,20	
6	1	4	9	6	5	0,0,0,0,0,80,20	
6	1	4	9	7	0	0,20,60,20	
6	1	4	9	7	1	0,20,80	
6	1	4	9	7	3	0,0,0,80,20	
6	1	4	9	7	4	0,0,0,0,80,20	
6	1	4	9	7	5	0,0,0,0,0,80,20	
6	1	4	9	8	0	0,10,70,20	
6	1	4	9	8	1	0,20,80	
6	1	4	9	8	3	0,0,0,80,20	
6	1	4	9	8	4	0,0,0,0,80,20	
6	1	4	9	8	5	0,0,0,0,0,80,20	
6	1	4	9	9	0	0,20,70,10	
6	1	4	9	9	1	0,20,80	
6	1	4	9	9	3	0,0,0,80,20	
6	1	4	9	9	4	0,0,0,0,80,20	
6	1	4	9	9	5	0,0,0,0,0,80,20	
7	1	5	9	1	0	90,10	
7	1	5	9	2	0	80,20	
7	1	5	9	3	0	70,30	
7	1	5	9	4	0	0,0,20,80	
7	1	5	9	5	0	0,0,30,70	
7	1	5	9	5	1	0,0,0,20,80	
7	1	5	9	5	2	0,0,0,80,20	
7	1	5	9	5	3	0,0,0,0,80,20	
7	1	5	9	5	4	0,0,0,0,0,80,20	
7	1	5	9	5	5	0,0,0,0,0,0,80,20	
7	1	5	9	6	0	0,0,40,60	
7	1	5	9	6	1	0,0,0,20,80	
7	1	5	9	6	2	0,0,0,80,20	
7	1	5	9	6	3	0,0,0,0,80,20	
7	1	5	9	6	4	0,0,0,0,0,80,20	
7	1	5	9	6	5	0,0,0,0,0,0,80,20	
7	1	5	9	7	0	0,0,50,50	
7	1	5	9	7	1	0,0,0,20,80	
7	1	5	9	7	2	0,0,0,80,20	
7	1	5	9	7	3	0,0,0,0,80,20	
7	1	5	9	7	4	0,0,0,0,0,80,20	
7	1	5	9	7	5	0,0,0,0,0,0,80,20	
7	1	5	9	8	0	0,0,50,50	
7	1	5	9	8	1	0,0,0,20,80	
7	1	5	9	8	2	0,0,0,80,20	
7	1	5	9	8	3	0,0,0,0,80,20	
7	1	5	9	8	4	0,0,0,0,0,80,20	
7	1	5	9	8	5	0,0,0,0,0,0,80,20	
7	1	5	9	9	0	0,0,40,60	
7	1	5	9	9	1	0,0,0,20,80	
7	1	5	9	9	2	0,0,0,80,20	
7	1	5	9	9	3	0,0,0,0,80,20	
7	1	5	9	9	4	0,0,0,0,0,80,20	
7	1	5	9	9	5	0,0,0,0,0,0,80,20	
8	1	5	9	1	0	90,10	
8	1	5	9	2	0	80,20	
8	1	5	9	3	0	70,30	
8	1	5	9	4	0	0,0,20,80	
8	1	5	9	5	0	0,0,30,70	
8	1	5	9	5	1	0,0,0,20,80	
8	1	5	9	5	2	0,0,0,0,80,20	
8	1	5	9	5	3	0,0,0,0,0,80,20	
8	1	5	9	5	4	0,0,0,0,0,0,80,20	
8	1	5	9	6	0	0,0,40,60	
8	1	5	9	6	1	0,0,0,20,80	
8	1	5	9	6	2	0,0,0,0,80,20	
8	1	5	9	6	3	0,0,0,0,0,80,20	
8	1	5	9	6	4	0,0,0,0,0,0,80,20	
8	1	5	9	7	0	0,0,50,50	
8	1	5	9	7	1	0,0,0,20,80	
8	1	5	9	7	2	0,0,0,0,80,20	
8	1	5	9	7	3	0,0,0,0,0,80,20	
8	1	5	9	7	4	0,0,0,0,0,0,80,20	
8	1	5	9	8	0	0,0,50,50	
8	1	5	9	8	1	0,0,0,20,80	
8	1	5	9	8	2	0,0,0,0,80,20	
8	1	5	9	8	3	0,0,0,0,0,80,20	
8	1	5	9	8	4	0,0,0,0,0,0,80,20	
8	1	5	9	9	0	0,0,40,60	
8	1	5	9	9	1	0,0,0,20,80	
8	1	5	9	9	2	0,0,0,0,80,20	
8	1	5	9	9	3	0,0,0,0,0,80,20	
8	1	5	9	9	4	0,0,0,0,0,0,80,20	
9	1	6	9	1	0	90,10	
9	1	6	9	2	0	80,20	
9	1	6	9	3	0	70,30	
9	1	6	9	4	0	0,0,20,80	
9	1	6	9	5	0	0,0,30,70	
9	1	6	9	6	0	0,0,40,60	
9	1	6	9	6	1	0,0,0,20,80	
9	1	6	9	6	2	0,0,0,80,20	
9	1	6	9	6	3	0,0,0,0,80,20	
9	1	6	9	6	4	0,0,0,0,0,80,20	
9	1	6	9	6	5	0,0,0,0,0,80,20	
9	1	6	9	7	0	0,0,50,50	
9	1	6	9	7	1	0,0,0,20,80	
9	1	6	9	7	2	0,0,0,80,20	
9	1	6	9	7	3	0,0,0,0,80,20	
9	1	6	9	7	4	0,0,0,0,0,80,20	
9	1	6	9	7	5	0,0,0,0,0,80,20	
9	1	6	9	8	0	0,0,50,50	
9	1	6	9	8	1	0,0,0,20,80	
9	1	6	9	8	2	0,0,0,80,20	
9	1	6	9	8	3	0,0,0,0,80,20	
9	1	6	9	8	4	0,0,0,0,0,80,20	
9	1	6	9	8	5	0,0,0,0,0,80,20	
9	1	6	9	9	0	0,0,40,60	
9	1	6	9	9	1	0,0,0,20,80	
9	1	6	9	9	2	0,0,0,80,20	
9	1	6	9	9	3	0,0,0,0,80,20	
9	1	6	9	9	4	0,0,0,0,0,80,20	
9	1	6	9	9	5	0,0,0,0,0,80,20	
10	1	6	9	1	0	90,10	
10	1	6	9	2	0	80,20	
10	1	6	9	3	0	70,30	
10	1	6	9	4	0	0,0,20,80	
10	1	6	9	5	0	0,0,30,70	
10	1	6	9	6	0	0,0,40,60	
10	1	6	9	6	1	0,0,0,80,20	
10	1	6	9	6	2	0,0,0,0,80,20	
10	1	6	9	6	3	0,0,0,0,0,80,20	
10	1	6	9	6	4	0,0,0,0,0,0,80,20	
10	1	6	9	7	0	0,0,50,50	
10	1	6	9	7	1	0,0,0,80,20	
10	1	6	9	7	2	0,0,0,0,80,20	
10	1	6	9	7	3	0,0,0,0,0,80,20	
10	1	6	9	7	4	0,0,0,0,0,0,80,20	
10	1	6	9	8	0	0,0,50,50	
10	1	6	9	8	1	0,0,0,80,20	
10	1	6	9	8	2	0,0,0,0,80,20	
10	1	6	9	8	3	0,0,0,0,0,80,20	
10	1	6	9	8	4	0,0,0,0,0,0,80,20	
10	1	6	9	9	0	0,0,40,60	
10	1	6	9	9	1	0,0,0,80,20	
10	1	6	9	9	2	0,0,0,0,80,20	
10	1	6	9	9	3	0,0,0,0,0,80,20	
10	1	6	9	9	4	0,0,0,0,0,0,80,20	
