ZoneID	GameType	GamePlay	GameMode	Enable	Desc
-1	0	0	0	1	动感普通玩法
-1	1	1	0	1	传统普通玩法
-1	2	2	0	1	节奏普通玩法
-1	3	3	0	1	音浪普通玩法
-1	4	4	0	1	DJ普通玩法
-1	5	0	1	1	动感团队玩法
-1	6	1	1	1	传统团队玩法
-1	7	2	1	1	节奏团队玩法
-1	8	3	1	1	音浪团队玩法
-1	9	4	1	0	DJ团队玩法
-1	10	0	2	1	动感PK玩法
-1	11	1	2	1	传统PK玩法
-1	12	2	2	1	节奏PK玩法
-1	13	3	2	1	音浪PK玩法
-1	14	4	2	0	DJPK玩法
-1	15	0	3	1	动感约会玩法
-1	16	1	3	1	传统约会玩法
-1	17	2	3	1	节奏约会玩法
-1	18	3	3	1	音浪约会玩法
-1	19	4	3	1	DJ约会玩法
-1	20	0	4	1	动感炸弹
-1	21	1	4	1	传统炸弹
-1	22	2	4	1	节奏炸弹
-1	23	3	4	1	音浪炸弹
-1	24	4	4	1	DJ炸弹
-1	25	0	5	1	动感大炮
-1	26	1	5	1	传统大炮
-1	27	2	5	1	节奏大炮
-1	28	3	5	1	音浪大炮
-1	29	4	5	1	DJ大炮
-1	30	0	6	1	动感生存
-1	31	1	6	1	传统生存
-1	32	2	6	1	节奏生存
-1	33	3	6	1	音浪生存
-1	34	4	6	1	DJ生存
