GuildLevel	FixCost	UpDrPointCost	GuildTaskNum	MedalNum	UpDrLineCost	UpDrStarCost	UpDrPieceCost	AsMasterNum	SetPostNum	Cubage	MasterPower	AsMasterPower	GuildColorNum	DefaultMedal
1	100	800	3	4	400	0	0	5	4	300	16382	2047	5	331
2	100	1200	3	4	600	0	0	5	5	350	16382	2047	6	331
3	100	4500	3	4	450	45	225	5	6	400	16382	2047	7	331
4	100	8000	3	5	800	80	400	5	7	650	16382	2047	8	331
5	100	12500	3	6	1250	125	625	5	8	700	16382	2047	9	331
6	100	18000	3	7	1800	180	900	5	9	750	16382	2047	10	331
7	100	24500	4	8	2450	245	1225	5	10	800	16382	2047	11	331
8	100	32000	4	9	3200	320	1600	5	11	850	16382	2047	12	331
9	100	40500	5	9	4050	405	2025	5	12	900	16382	2047	13	331
10	100	50000	5	10	5000	500	2500	5	13	1000	16382	2047	14	331
