Level	Exp	TreeItemID	NeedWaterDrip	MatureTime	FreezeTime	MineWaterDripLimit	FriendWaterDripLimit	HarvestCountLimit
1	0	477	1	86400	7200	2	1	2
2	100	477	1	86400	7200	2	1	2
3	300	477	1	86400	7200	2	1	2
4	600	478	2	86400	7200	2	1	2
5	1000	478	2	86400	7200	2	1	2
6	1500	478	2	86400	7200	2	1	2
7	2300	479	3	86400	7200	2	1	2
8	3400	479	3	86400	7200	2	1	2
9	4800	479	3	86400	7200	2	1	2
10	6500	1641	4	86400	7200	2	1	2
11	8500	1641	4	86400	7200	2	1	2
12	11000	1641	4	86400	7200	2	1	2
13	14000	1641	5	86400	7200	2	1	2
14	17500	1641	5	86400	7200	2	1	2
15	21500	1641	5	86400	7200	2	1	2
16	26000	1641	6	86400	7200	2	1	2
17	31200	1641	6	86400	7200	2	1	2
18	37100	1641	6	86400	7200	2	1	2
19	43700	1641	7	86400	7200	2	1	2
20	51000	1641	7	86400	7200	2	1	2
21	999999999	1641	7	86400	7200	2	1	2
