Level	Exp
1	0
2	100
3	500
4	1200
5	2200
6	3500
7	5100
8	7000
9	9200
10	11700
11	14500
12	17600
13	21000
14	24700
15	28700
16	33000
17	37600
18	42500
19	47700
20	53200
21	59000
22	65480
23	72640
24	80480
25	89000
26	98200
27	108080
28	118640
29	129880
30	141800
31	154400
32	167680
33	181640
34	196280
35	211600
36	227600
37	244280
38	261640
39	279680
40	298400
41	317800
42	338340
43	360020
44	382840
45	406800
46	431900
47	458140
48	485520
49	514040
50	543700
51	574500
52	606440
53	639520
54	673740
55	709100
56	745600
57	783240
58	822020
59	861940
60	903000
61	945200
62	989080
63	1034640
64	1081880
65	1130800
66	1181400
67	1233680
68	1287640
69	1343280
70	1400600
71	1459600
72	1520280
73	1582640
74	1646680
75	1712400
76	1779800
77	1848880
78	1919640
79	1992080
80	2066200
81	2142000
82	2220000
83	2300200
84	2382600
85	2467200
86	2554000
87	2643000
88	2734200
89	2827600
90	2923200
91	3021000
92	3121000
93	3223200
94	3327600
95	3434200
96	3543000
97	3654000
98	3767200
99	3882600
100	4000200
101	4120000
102	4242440
103	4367520
104	4495240
105	4625600
106	4758600
107	4894240
108	5032520
109	5173440
110	5317000
111	5463200
112	5612040
113	5763520
114	5917640
115	6074400
116	6233800
117	6395840
118	6560520
119	6727840
120	6897800
121	7070400
122	7246080
123	7424840
124	7606680
125	7791600
126	7979600
127	8170680
128	8364840
129	8562080
130	8762400
131	8965800
132	9172280
133	9381840
134	9594480
135	9810200
136	10029000
137	10250880
138	10475840
139	10703880
140	10935000
141	11169200
142	11407080
143	11648640
144	11893880
145	12142800
146	12395400
147	12651680
148	12911640
149	13175280
150	13442600
151	13713600
152	13988280
153	14266640
154	14548680
155	14834400
156	15123800
157	15416880
158	15713640
159	16014080
160	16318200
161	16626000
162	16937940
163	17254020
164	17574240
165	17898600
166	18227100
167	18559740
168	18896520
169	19237440
170	19582500
171	19931700
172	20285040
173	20642520
174	21004140
175	21369900
176	21739800
177	22113840
178	22492020
179	22874340
180	23260800
181	23651400
182	24046600
183	24446400
184	24850800
185	25259800
186	25673400
187	26091600
188	26514400
189	26941800
190	27373800
191	27810400
192	28251600
193	28697400
194	29147800
195	29602800
196	30062400
197	30526600
198	30995400
199	31468800
200	31946800
201	999999999
