Index	Type	Option1	Option2	Option3	Option4	Desc
0	1	0	3	0	0	option1表示每日射击次数，option2表示VIP等级，option3表示vip等级对应次数type相同表示同一类型
1	1	1	4	0	0	
2	1	2	5	0	0	
3	1	3	6	0	0	
4	1	4	7	0	0	
5	1	5	8	0	0	
6	1	6	10	0	0	
7	1	7	12	0	0	
8	1	8	15	0	0	
9	1	9	20	0	0	
10	2	0	20	0	0	答题时间[0,20)20秒，[20,30)15秒，[30,40)10秒
11	2	20	15	0	0	
12	2	30	10	0	0	
13	3	4	45900	0	0	option2表示定时器类型答题12:45分定时器（这是基于每天0点的时间）
14	3	4	68400	0	0	option2表示定时器类型答题17点定时器（这是基于每天0点的时间）
15	3	7	45300	10	0	12:35分提醒（答题）
16	3	7	45600	5	0	12:40分提醒（答题）
17	3	7	45840	1	0	12:44分提醒（答题）
18	3	7	67800	10	0	18:50分提醒（答题）
19	3	7	68100	5	0	18:55分提醒（答题）
20	3	7	68340	1	0	18:59分提醒（答题）
