Level	Initimate
1	0
2	1314
3	2628
4	3942
5	5256
6	6570
7	7884
8	9198
9	10512
10	11826
11	13140
12	14454
13	15768
14	17082
15	18396
16	19710
17	21024
18	22338
19	23652
20	24966
21	26280
22	27594
23	28908
24	30222
25	31536
26	32850
27	34164
28	35478
29	36792
30	38106
31	39420
32	40734
33	42048
34	43362
35	44676
36	45990
37	47304
38	48618
39	49932
40	51246
41	52560
42	53874
43	55188
44	56502
45	57816
46	59130
47	60444
48	61758
49	63072
50	64386
51	65700
52	67014
53	68328
54	69642
55	70956
56	72270
57	73584
58	74898
59	76212
60	77526
61	78840
62	80154
63	81468
64	82782
65	84096
66	85410
67	86724
68	88038
69	89352
70	90666
71	91980
72	93294
73	94608
74	95922
75	97236
76	98550
77	99864
78	101178
79	102492
80	103806
81	105120
82	106434
83	107748
84	109062
85	110376
86	111690
87	113004
88	114318
89	115632
90	116946
91	118260
92	119574
93	120888
94	122202
95	123516
96	124830
97	126144
98	127458
99	128772
100	130086
101	131400
102	132714
103	134028
104	135342
105	136656
106	137970
107	139284
108	140598
109	141912
110	143226
111	144540
112	145854
113	147168
114	148482
115	149796
116	151110
117	152424
118	153738
119	155052
120	156366
121	157680
122	158994
123	160308
124	161622
125	162936
126	164250
127	165564
128	166878
129	168192
130	169506
131	170820
132	172134
133	173448
134	174762
135	176076
136	177390
137	178704
138	180018
139	181332
140	182646
141	183960
142	185274
143	186588
144	187902
145	189216
146	190530
147	191844
148	193158
149	194472
150	195786
151	2147483647
