PetEggItemID	PetType	PetQuality	PetQuantity	DefaultPetSkill	Prob
1957	1960	1	2592000	0:0:0|	50
1957	1998	1	2592000	0:0:0|	50
1958	1961	1	2592000	0:0:0|	50
1958	1999	1	2592000	0:0:0|	50
1959	1962	1	2592000	0:0:0|	50
1959	2000	1	2592000	0:0:0|	50
2885	2890	1	2592000	0:0:0|	50
2885	2891	1	2592000	0:0:0|	50
2892	1960	1	1036800	0:0:0|	50
2892	1998	1	1036800	0:0:0|	50
2893	1962	1	604800	0:0:0|	50
2893	2000	1	604800	0:0:0|	50
3325	3313	1	2592000	0:0:0|	50
3325	3317	1	2592000	0:0:0|	50
3326	3314	1	2592000	0:0:0|	50
3326	3318	1	2592000	0:0:0|	50
3327	1961	1	259200	0:0:0|	50
3327	1999	1	259200	0:0:0|	50
3328	1961	1	604800	0:0:0|	50
3328	1999	1	604800	0:0:0|	50
3329	1961	1	1296000	0:0:0|	50
3329	1999	1	1296000	0:0:0|	50
3330	1961	1	5184000	0:0:0|	50
3330	1999	1	5184000	0:0:0|	50
4153	2890	1	604800	0:0:0|	50
4153	2891	1	604800	0:0:0|	50
