price	type	value	desc
-1	2	1000	出售物品的最高G币数
0	0	96	家园装扮度的参数
0	1	80	Avatar装扮度的参数
0	2	100	出售物品的参数
1	0	600	100Q点家园装扮价值10
1	1	600	100Q点玩家着装度价值10
1	2	600	Q点出售物品的比例参数
1	3	1	1天价格是1天价格低比例
2	0	0	100点券家园装扮价值10
2	1	0	100点券玩家着装度价值10
2	2	0	点券出售物品的比例参数
3	3	2	3天价格是1天价格低比例
4	0	1	100金币家园装扮价值1
4	1	1	100金币玩家着装度价值1
4	2	1	G币出售物品的比例参数
7	3	4	7天价格是1天价格低比例
8	0	0	100舞团财富家园装扮价值
8	1	0	100舞团财富玩家着装度价值
8	2	0	舞团财富出售物品的比例参数
16	0	50	100声望家园装扮价值8
16	1	50	100声望玩家着装度价值8
16	2	50	声望出售物品的比例参数
30	3	8	15天价格是1天价格低比例
90	3	12	90天价格是1天价格低比例
180	3	18	180天价格是1天价格低比例
365	3	36	365天价格是1天价格低比例
