RankTitle	ConfigType	ConfigValue	Desc
1	1	0	每捐献1个荣耀结晶时额外增加舞团财富
1	2	0	每捐献1个星舞之尘时额外增加舞团财富
1	3	0	每捐献1个舞魂碎片时额外增加舞团财富
1	4	0	每捐献1个梦舞之星时额外增加舞团财富
2	1	0	每捐献1个荣耀结晶时额外增加舞团财富
2	2	0	每捐献1个星舞之尘时额外增加舞团财富
2	3	0	每捐献1个舞魂碎片时额外增加舞团财富
2	4	0	每捐献1个梦舞之星时额外增加舞团财富
3	1	0	每捐献1个荣耀结晶时额外增加舞团财富
3	2	0	每捐献1个星舞之尘时额外增加舞团财富
3	3	0	每捐献1个舞魂碎片时额外增加舞团财富
3	4	0	每捐献1个梦舞之星时额外增加舞团财富
4	1	0	每捐献1个荣耀结晶时额外增加舞团财富
4	2	0	每捐献1个星舞之尘时额外增加舞团财富
4	3	0	每捐献1个舞魂碎片时额外增加舞团财富
4	4	0	每捐献1个梦舞之星时额外增加舞团财富
5	1	0	每捐献1个荣耀结晶时额外增加舞团财富
5	2	0	每捐献1个星舞之尘时额外增加舞团财富
5	3	0	每捐献1个舞魂碎片时额外增加舞团财富
5	4	0	每捐献1个梦舞之星时额外增加舞团财富
6	1	1	每捐献1个荣耀结晶时额外增加舞团财富
6	2	0	每捐献1个星舞之尘时额外增加舞团财富
6	3	0	每捐献1个舞魂碎片时额外增加舞团财富
6	4	0	每捐献1个梦舞之星时额外增加舞团财富
7	1	1	每捐献1个荣耀结晶时额外增加舞团财富
7	2	6	每捐献1个星舞之尘时额外增加舞团财富
7	3	0	每捐献1个舞魂碎片时额外增加舞团财富
7	4	0	每捐献1个梦舞之星时额外增加舞团财富
8	1	1	每捐献1个荣耀结晶时额外增加舞团财富
8	2	6	每捐献1个星舞之尘时额外增加舞团财富
8	3	0	每捐献1个舞魂碎片时额外增加舞团财富
8	4	0	每捐献1个梦舞之星时额外增加舞团财富
9	1	1	每捐献1个荣耀结晶时额外增加舞团财富
9	2	6	每捐献1个星舞之尘时额外增加舞团财富
9	3	0	每捐献1个舞魂碎片时额外增加舞团财富
9	4	0	每捐献1个梦舞之星时额外增加舞团财富
10	1	1	每捐献1个荣耀结晶时额外增加舞团财富
10	2	6	每捐献1个星舞之尘时额外增加舞团财富
10	3	12	每捐献1个舞魂碎片时额外增加舞团财富
10	4	0	每捐献1个梦舞之星时额外增加舞团财富
11	1	1	每捐献1个荣耀结晶时额外增加舞团财富
11	2	6	每捐献1个星舞之尘时额外增加舞团财富
11	3	12	每捐献1个舞魂碎片时额外增加舞团财富
11	4	30	每捐献1个梦舞之星时额外增加舞团财富
12	1	1	每捐献1个荣耀结晶时额外增加舞团财富
12	2	6	每捐献1个星舞之尘时额外增加舞团财富
12	3	12	每捐献1个舞魂碎片时额外增加舞团财富
12	4	30	每捐献1个梦舞之星时额外增加舞团财富
13	1	1	每捐献1个荣耀结晶时额外增加舞团财富
13	2	6	每捐献1个星舞之尘时额外增加舞团财富
13	3	12	每捐献1个舞魂碎片时额外增加舞团财富
13	4	30	每捐献1个梦舞之星时额外增加舞团财富
14	1	1	每捐献1个荣耀结晶时额外增加舞团财富
14	2	6	每捐献1个星舞之尘时额外增加舞团财富
14	3	12	每捐献1个舞魂碎片时额外增加舞团财富
14	4	30	每捐献1个梦舞之星时额外增加舞团财富
15	1	1	每捐献1个荣耀结晶时额外增加舞团财富
15	2	6	每捐献1个星舞之尘时额外增加舞团财富
15	3	12	每捐献1个舞魂碎片时额外增加舞团财富
15	4	30	每捐献1个梦舞之星时额外增加舞团财富
16	1	2	每捐献1个荣耀结晶时额外增加舞团财富
16	2	6	每捐献1个星舞之尘时额外增加舞团财富
16	3	12	每捐献1个舞魂碎片时额外增加舞团财富
16	4	30	每捐献1个梦舞之星时额外增加舞团财富
17	1	2	每捐献1个荣耀结晶时额外增加舞团财富
17	2	6	每捐献1个星舞之尘时额外增加舞团财富
17	3	12	每捐献1个舞魂碎片时额外增加舞团财富
17	4	30	每捐献1个梦舞之星时额外增加舞团财富
18	1	2	每捐献1个荣耀结晶时额外增加舞团财富
18	2	7	每捐献1个星舞之尘时额外增加舞团财富
18	3	12	每捐献1个舞魂碎片时额外增加舞团财富
18	4	30	每捐献1个梦舞之星时额外增加舞团财富
19	1	2	每捐献1个荣耀结晶时额外增加舞团财富
19	2	7	每捐献1个星舞之尘时额外增加舞团财富
19	3	12	每捐献1个舞魂碎片时额外增加舞团财富
19	4	30	每捐献1个梦舞之星时额外增加舞团财富
20	1	2	每捐献1个荣耀结晶时额外增加舞团财富
20	2	7	每捐献1个星舞之尘时额外增加舞团财富
20	3	14	每捐献1个舞魂碎片时额外增加舞团财富
20	4	30	每捐献1个梦舞之星时额外增加舞团财富
21	1	2	每捐献1个荣耀结晶时额外增加舞团财富
21	2	7	每捐献1个星舞之尘时额外增加舞团财富
21	3	14	每捐献1个舞魂碎片时额外增加舞团财富
21	4	33	每捐献1个梦舞之星时额外增加舞团财富
22	1	2	每捐献1个荣耀结晶时额外增加舞团财富
22	2	7	每捐献1个星舞之尘时额外增加舞团财富
22	3	14	每捐献1个舞魂碎片时额外增加舞团财富
22	4	33	每捐献1个梦舞之星时额外增加舞团财富
23	1	2	每捐献1个荣耀结晶时额外增加舞团财富
23	2	7	每捐献1个星舞之尘时额外增加舞团财富
23	3	14	每捐献1个舞魂碎片时额外增加舞团财富
23	4	33	每捐献1个梦舞之星时额外增加舞团财富
24	1	2	每捐献1个荣耀结晶时额外增加舞团财富
24	2	7	每捐献1个星舞之尘时额外增加舞团财富
24	3	14	每捐献1个舞魂碎片时额外增加舞团财富
24	4	33	每捐献1个梦舞之星时额外增加舞团财富
25	1	2	每捐献1个荣耀结晶时额外增加舞团财富
25	2	7	每捐献1个星舞之尘时额外增加舞团财富
25	3	14	每捐献1个舞魂碎片时额外增加舞团财富
25	4	33	每捐献1个梦舞之星时额外增加舞团财富
26	1	3	每捐献1个荣耀结晶时额外增加舞团财富
26	2	7	每捐献1个星舞之尘时额外增加舞团财富
26	3	14	每捐献1个舞魂碎片时额外增加舞团财富
26	4	33	每捐献1个梦舞之星时额外增加舞团财富
27	1	3	每捐献1个荣耀结晶时额外增加舞团财富
27	2	7	每捐献1个星舞之尘时额外增加舞团财富
27	3	14	每捐献1个舞魂碎片时额外增加舞团财富
27	4	33	每捐献1个梦舞之星时额外增加舞团财富
28	1	3	每捐献1个荣耀结晶时额外增加舞团财富
28	2	8	每捐献1个星舞之尘时额外增加舞团财富
28	3	14	每捐献1个舞魂碎片时额外增加舞团财富
28	4	33	每捐献1个梦舞之星时额外增加舞团财富
29	1	3	每捐献1个荣耀结晶时额外增加舞团财富
29	2	8	每捐献1个星舞之尘时额外增加舞团财富
29	3	14	每捐献1个舞魂碎片时额外增加舞团财富
29	4	33	每捐献1个梦舞之星时额外增加舞团财富
30	1	3	每捐献1个荣耀结晶时额外增加舞团财富
30	2	8	每捐献1个星舞之尘时额外增加舞团财富
30	3	16	每捐献1个舞魂碎片时额外增加舞团财富
30	4	33	每捐献1个梦舞之星时额外增加舞团财富
31	1	3	每捐献1个荣耀结晶时额外增加舞团财富
31	2	8	每捐献1个星舞之尘时额外增加舞团财富
31	3	16	每捐献1个舞魂碎片时额外增加舞团财富
31	4	36	每捐献1个梦舞之星时额外增加舞团财富
32	1	3	每捐献1个荣耀结晶时额外增加舞团财富
32	2	8	每捐献1个星舞之尘时额外增加舞团财富
32	3	16	每捐献1个舞魂碎片时额外增加舞团财富
32	4	36	每捐献1个梦舞之星时额外增加舞团财富
33	1	3	每捐献1个荣耀结晶时额外增加舞团财富
33	2	8	每捐献1个星舞之尘时额外增加舞团财富
33	3	16	每捐献1个舞魂碎片时额外增加舞团财富
33	4	36	每捐献1个梦舞之星时额外增加舞团财富
34	1	3	每捐献1个荣耀结晶时额外增加舞团财富
34	2	8	每捐献1个星舞之尘时额外增加舞团财富
34	3	16	每捐献1个舞魂碎片时额外增加舞团财富
34	4	36	每捐献1个梦舞之星时额外增加舞团财富
35	1	3	每捐献1个荣耀结晶时额外增加舞团财富
35	2	8	每捐献1个星舞之尘时额外增加舞团财富
35	3	16	每捐献1个舞魂碎片时额外增加舞团财富
35	4	36	每捐献1个梦舞之星时额外增加舞团财富
36	1	4	每捐献1个荣耀结晶时额外增加舞团财富
36	2	8	每捐献1个星舞之尘时额外增加舞团财富
36	3	16	每捐献1个舞魂碎片时额外增加舞团财富
36	4	36	每捐献1个梦舞之星时额外增加舞团财富
37	1	4	每捐献1个荣耀结晶时额外增加舞团财富
37	2	8	每捐献1个星舞之尘时额外增加舞团财富
37	3	16	每捐献1个舞魂碎片时额外增加舞团财富
37	4	36	每捐献1个梦舞之星时额外增加舞团财富
38	1	4	每捐献1个荣耀结晶时额外增加舞团财富
38	2	9	每捐献1个星舞之尘时额外增加舞团财富
38	3	16	每捐献1个舞魂碎片时额外增加舞团财富
38	4	36	每捐献1个梦舞之星时额外增加舞团财富
39	1	4	每捐献1个荣耀结晶时额外增加舞团财富
39	2	9	每捐献1个星舞之尘时额外增加舞团财富
39	3	16	每捐献1个舞魂碎片时额外增加舞团财富
39	4	36	每捐献1个梦舞之星时额外增加舞团财富
40	1	4	每捐献1个荣耀结晶时额外增加舞团财富
40	2	9	每捐献1个星舞之尘时额外增加舞团财富
40	3	18	每捐献1个舞魂碎片时额外增加舞团财富
40	4	36	每捐献1个梦舞之星时额外增加舞团财富
41	1	4	每捐献1个荣耀结晶时额外增加舞团财富
41	2	9	每捐献1个星舞之尘时额外增加舞团财富
41	3	18	每捐献1个舞魂碎片时额外增加舞团财富
41	4	39	每捐献1个梦舞之星时额外增加舞团财富
42	1	4	每捐献1个荣耀结晶时额外增加舞团财富
42	2	9	每捐献1个星舞之尘时额外增加舞团财富
42	3	18	每捐献1个舞魂碎片时额外增加舞团财富
42	4	39	每捐献1个梦舞之星时额外增加舞团财富
43	1	4	每捐献1个荣耀结晶时额外增加舞团财富
43	2	9	每捐献1个星舞之尘时额外增加舞团财富
43	3	18	每捐献1个舞魂碎片时额外增加舞团财富
43	4	39	每捐献1个梦舞之星时额外增加舞团财富
44	1	4	每捐献1个荣耀结晶时额外增加舞团财富
44	2	9	每捐献1个星舞之尘时额外增加舞团财富
44	3	18	每捐献1个舞魂碎片时额外增加舞团财富
44	4	39	每捐献1个梦舞之星时额外增加舞团财富
45	1	4	每捐献1个荣耀结晶时额外增加舞团财富
45	2	9	每捐献1个星舞之尘时额外增加舞团财富
45	3	18	每捐献1个舞魂碎片时额外增加舞团财富
45	4	39	每捐献1个梦舞之星时额外增加舞团财富
46	1	5	每捐献1个荣耀结晶时额外增加舞团财富
46	2	9	每捐献1个星舞之尘时额外增加舞团财富
46	3	18	每捐献1个舞魂碎片时额外增加舞团财富
46	4	39	每捐献1个梦舞之星时额外增加舞团财富
47	1	5	每捐献1个荣耀结晶时额外增加舞团财富
47	2	9	每捐献1个星舞之尘时额外增加舞团财富
47	3	18	每捐献1个舞魂碎片时额外增加舞团财富
47	4	39	每捐献1个梦舞之星时额外增加舞团财富
48	1	5	每捐献1个荣耀结晶时额外增加舞团财富
48	2	9	每捐献1个星舞之尘时额外增加舞团财富
48	3	18	每捐献1个舞魂碎片时额外增加舞团财富
48	4	39	每捐献1个梦舞之星时额外增加舞团财富
49	1	5	每捐献1个荣耀结晶时额外增加舞团财富
49	2	10	每捐献1个星舞之尘时额外增加舞团财富
49	3	18	每捐献1个舞魂碎片时额外增加舞团财富
49	4	39	每捐献1个梦舞之星时额外增加舞团财富
