TaskID	CondID	CondType	CondValue	condExpr
1010001	0	65283	1	0
1010002	0	65520	1	0a1a2
1010002	1	0	1	0
1010003	0	65520	1	0a1a2
1010003	1	0	1	0
1010004	0	65283	1	0
1010004	1	0	1	0a1
1010005	0	65520	1	0
1010005	1	0	1	0a1
1010006	0	65283	1	0
1010006	1	0	1	0a1
1010007	0	65520	1	0a1a2
1010007	1	0	1	0a1
1010008	0	65520	1	0a1a2
1010008	1	0	1	0a1
1010009	0	65520	1	0
1010009	1	0	1	0a1
1010010	0	65520	1	0
1010010	1	0	1	0a1
1010011	0	65520	1	0a1
1010011	1	0	1	0a1
1020001	0	65283	1	0
1020002	0	65283	1	0
1020002	1	0	1	0a1
1020003	0	65283	1	0
1020003	1	0	1	0
1020004	0	65283	1	0
1020004	1	0	1	0
1020005	0	65283	1	0
1020005	1	0	1	0
1020006	0	65299	1	0o1
1020006	1	0	1	0
1020007	0	65283	1	0
1020007	1	0	1	0
1020008	0	65283	1	0
1020008	1	0	1	0a1
1020009	0	65301	1	0
1020009	1	0	1	0
1020010	0	65283	1	0
1020010	1	0	1	0a1
1020011	0	65283	1	0
1020011	1	0	1	0
1020012	0	65301	1	0
1020012	1	0	1	0a1
1030001	0	65377	1	0a1a2a3
1030001	1	65378	1	0a1a2
1030001	2	0	1	0
1030002	0	65377	1	0a1a2a3
1030002	1	65378	1	0a1a2
1030002	2	0	1	0
1030003	0	65377	1	0a1a2a3
1030003	1	65378	1	0a1a2
1030003	2	0	1	0o1o2o3o4o5
1030004	0	65377	1	0a1a2a3
1030004	1	65378	1	0a1a2
1030004	2	0	1	0o1o2o3o4o5
1030005	0	65377	1	0a1a2a3
1030005	1	65378	1	0a1a2
1030005	2	0	1	0o1o2o3o4o5
1030006	0	65377	1	0a1a2a3
1030006	1	65378	1	0a1a2
1030006	2	0	1	0o1o2o3o4o5
1030007	0	65377	1	0a1a2a3
1030007	1	65378	1	0a1a2
1030007	2	0	1	0o1o2o3o4o5
1030008	0	65377	1	0a1a2a3
1030008	1	65378	1	0a1a2
1030008	2	0	1	0o1o2o3o4o5
1030009	0	65377	1	0a1a2a3
1030009	1	65378	1	0a1a2
1030009	2	0	1	0o1o2o3o4o5
1030010	0	65377	1	0a1a2a3
1030010	1	65378	1	0a1a2
1030010	2	0	1	0o1o2o3o4o5
1030011	0	65377	1	0a1a2a3
1030011	1	65378	1	0a1a2
1030011	2	0	1	0o1o2o3o4o5
1030012	0	65377	1	0a1a2a3
1030012	1	65378	1	0a1a2
1030012	2	0	1	0o1o2o3o4o5
1030013	0	65377	1	0a1a2a3
1030013	1	65378	1	0a1a2
1030013	2	0	1	0o1o2o3o4o5
1030014	0	65377	1	0a1a2a3
1030014	1	65378	1	0a1a2
1030014	2	0	1	0o1o2o3o4o5
1030015	0	65377	1	0a1a2a3
1030015	1	65378	1	0a1a2
1030015	2	0	1	0o1o2o3o4o5
1030016	0	65377	1	0a1a2a3
1030016	1	65378	1	0a1a2
1030016	2	0	1	0o1o2o3o4o5
1030017	0	65377	1	0a1a2a3
1030017	1	65378	1	0a1a2
1030017	2	0	1	0o1o2o3o4o5
1030018	0	65377	1	0a1a2a3
1030018	1	65378	1	0a1a2
1030018	2	0	1	0o1o2o3o4o5
1030019	0	65377	1	0a1a2a3
1030019	1	65378	1	0a1a2
1030019	2	0	1	0o1o2o3o4o5
1030020	0	65377	1	0a1a2a3
1030020	1	65378	1	0a1a2
1030020	2	0	1	0o1o2o3o4o5
1030021	0	65377	1	0a1a2a3
1030021	1	65378	1	0a1a2
1030021	2	0	1	0o1o2o3o4o5
1030022	0	65377	1	0a1a2a3
1030022	1	65378	1	0a1a2
1030022	2	0	1	0o1o2o3o4o5
1030023	0	65377	1	0a1a2a3
1030023	1	65378	1	0a1a2
1030023	2	0	1	0o1o2o3o4o5
1030024	0	65377	1	0a1a2a3
1030024	1	65378	1	0a1a2
1030024	2	0	1	0o1o2o3o4o5
1030025	0	65377	1	0a1a2a3
1030025	1	65378	1	0a1a2
1030025	2	0	1	0o1o2o3o4o5
1030026	0	65377	1	0a1a2a3
1030026	1	65378	1	0a1a2
1030026	2	0	1	0o1o2o3o4o5
1030027	0	65377	1	0a1a2a3
1030027	1	65378	1	0a1a2
1030027	2	0	1	0o1o2o3o4o5
1030028	0	65377	1	0a1a2a3
1030028	1	65378	1	0a1a2
1030028	2	0	1	0o1o2o3o4o5
1030029	0	65377	1	0a1a2a3
1030029	1	65378	1	0a1a2
1030029	2	0	1	0o1o2o3o4o5
1030030	0	65377	1	0a1a2a3
1030030	1	65378	1	0a1a2
1030030	2	0	1	0o1o2o3o4o5
1030031	0	65377	1	0a1a2a3
1030031	1	65378	1	0a1a2
1030031	2	0	1	0o1o2o3o4o5
1030032	0	65377	1	0a1a2a3
1030032	1	65378	1	0a1a2
1030032	2	0	1	0o1o2o3o4o5
1030033	0	65377	1	0a1a2a3
1030033	1	65378	1	0a1a2
1030033	2	0	1	0o1o2o3o4o5
1030034	0	65377	1	0a1a2a3
1030034	1	65378	1	0a1a2
1030034	2	0	1	0o1o2o3o4o5
1030035	0	65377	1	0a1a2a3
1030035	1	65378	1	0a1a2
1030035	2	0	1	0o1o2o3o4o5
1030036	0	65377	1	0a1a2a3
1030036	1	65378	1	0a1a2
1030036	2	0	1	0o1o2o3o4o5
1030037	0	65377	1	0a1a2a3
1030037	1	65378	1	0a1a2
1030037	2	0	1	0o1o2o3o4o5
1030038	0	65377	1	0a1a2a3
1030038	1	65378	1	0a1a2
1030038	2	0	1	0o1o2o3o4o5
1030039	0	65377	1	0a1a2a3
1030039	1	65378	1	0a1a2
1030039	2	0	1	0o1o2o3o4o5
1030040	0	65377	1	0a1a2a3
1030040	1	65378	1	0a1a2
1030040	2	0	1	0o1o2o3o4o5
1030041	0	65377	1	0a1a2a3
1030041	1	65378	1	0a1a2
1030041	2	0	1	0o1o2o3o4o5
1030042	0	65377	1	0a1a2a3
1030042	1	65378	1	0a1a2
1030042	2	0	1	0o1o2o3o4o5
1030043	0	65377	1	0a1a2a3
1030043	1	65378	1	0a1a2
1030043	2	0	1	0o1o2o3o4o5
1030044	0	65377	1	0a1a2a3
1030044	1	65378	1	0a1a2
1030044	2	0	1	0o1o2o3o4o5
1030045	0	65377	1	0a1a2a3
1030045	1	65378	1	0a1a2
1030045	2	0	1	0o1o2o3o4o5
1030046	0	65377	1	0a1a2a3
1030046	1	65378	1	0a1a2
1030046	2	0	1	0o1o2o3o4o5
1030047	0	65377	1	0a1a2a3
1030047	1	65378	1	0a1a2
1030047	2	0	1	0o1o2o3o4o5
1030048	0	65377	1	0a1a2a3
1030048	1	65378	1	0a1a2
1030048	2	0	1	0o1o2o3o4o5
1030049	0	65377	1	0a1a2a3
1030049	1	65378	1	0a1a2
1030049	2	0	1	0o1o2o3o4o5
1030050	0	65377	1	0a1a2a3
1030050	1	65378	1	0a1a2
1030050	2	0	1	0o1o2o3o4o5
1030051	0	65377	1	0a1a2a3
1030051	1	65378	1	0a1a2
1030051	2	0	1	0o1o2o3o4o5
1030052	0	65377	1	0a1a2a3
1030052	1	65378	1	0a1a2
1030052	2	0	1	0o1o2o3o4o5
1030053	0	65377	1	0a1a2a3
1030053	1	65378	1	0a1a2
1030053	2	0	1	0o1o2o3o4o5
1030054	0	65377	1	0a1a2a3
1030054	1	65378	1	0a1a2
1030054	2	0	1	0o1o2o3o4o5
1030055	0	65377	1	0a1a2a3
1030055	1	65378	1	0a1a2
1030055	2	0	1	0o1o2o3o4o5
1030056	0	65377	1	0a1a2a3
1030056	1	65378	1	0a1a2
1030056	2	0	1	0o1o2o3o4o5
1030057	0	65377	1	0a1a2a3
1030057	1	65378	1	0a1a2
1030057	2	0	1	0o1o2o3o4o5
1030058	0	65377	1	0a1a2a3
1030058	1	65378	1	0a1a2
1030058	2	0	1	0o1o2o3o4o5
1030059	0	65377	1	0a1a2a3
1030059	1	65378	1	0a1a2
1030059	2	0	1	0o1o2o3o4o5
1030060	0	65377	1	0a1a2a3
1030060	1	65378	1	0a1a2
1030060	2	0	1	0o1o2o3o4o5
1030061	0	65377	1	0a1a2a3
1030061	1	65378	1	0a1a2
1030061	2	0	1	0o1o2o3o4o5
1030062	0	65377	1	0a1a2a3
1030062	1	65378	1	0a1a2
1030062	2	0	1	0o1o2o3o4o5
1030063	0	65377	1	0a1a2a3
1030063	1	65378	1	0a1a2
1030063	2	0	1	0o1o2o3o4o5
1030064	0	65377	1	0a1a2a3
1030064	1	65378	1	0a1a2
1030064	2	0	1	0o1o2o3o4o5
1030065	0	65377	1	0a1a2a3
1030065	1	65378	1	0a1a2
1030065	2	0	1	0o1o2o3o4o5
1030066	0	65377	1	0a1a2a3
1030066	1	65378	1	0a1a2
1030066	2	0	1	0o1o2o3o4o5
1030067	0	65377	1	0a1a2a3
1030067	1	65378	1	0a1a2
1030067	2	0	1	0o1o2o3o4o5
1030068	0	65377	1	0a1a2a3
1030068	1	65378	1	0a1a2
1030068	2	0	1	0o1o2o3o4o5
1030069	0	65377	1	0a1a2a3
1030069	1	65378	1	0a1a2
1030069	2	0	1	0o1o2o3o4o5
1030070	0	65377	1	0a1a2a3
1030070	1	65378	1	0a1a2
1030070	2	0	1	0o1o2o3o4o5
1030071	0	65377	1	0a1a2a3
1030071	1	65378	1	0a1a2
1030071	2	0	1	0o1o2o3o4o5
1030072	0	65377	1	0a1a2a3
1030072	1	65378	1	0a1a2
1030072	2	0	1	0o1o2o3o4o5
1030073	0	65377	1	0a1a2a3
1030073	1	65378	1	0a1a2
1030073	2	0	1	0o1o2o3o4o5
1030074	0	65377	1	0a1a2a3
1030074	1	65378	1	0a1a2
1030074	2	0	1	0o1o2o3o4o5
1030075	0	65377	1	0a1a2a3
1030075	1	65378	1	0a1a2
1030075	2	0	1	0o1o2o3o4o5
1030076	0	65377	1	0a1a2a3
1030076	1	65378	1	0a1a2
1030076	2	0	1	0o1o2o3o4o5
1030077	0	65377	1	0a1a2a3
1030077	1	65378	1	0a1a2
1030077	2	0	1	0o1o2o3o4o5
1030078	0	65377	1	0a1a2a3
1030078	1	65378	1	0a1a2
1030078	2	0	1	0o1o2o3o4o5
1030079	0	65377	1	0a1a2a3
1030079	1	65378	1	0a1a2
1030079	2	0	1	0o1o2o3o4o5
1030080	0	65377	1	0a1a2a3
1030080	1	65378	1	0a1a2
1030080	2	0	1	0o1o2o3o4o5
1030081	0	65377	1	0a1a2a3
1030081	1	65378	1	0a1a2
1030081	2	0	1	0o1o2o3o4o5
1030082	0	65377	1	0a1a2a3
1030082	1	65378	1	0a1a2
1030082	2	0	1	0o1o2o3o4o5
1030083	0	65377	1	0a1a2a3
1030083	1	65378	1	0a1a2
1030083	2	0	1	0o1o2o3o4o5
1030084	0	65377	1	0a1a2a3
1030084	1	65378	1	0a1a2
1030084	2	0	1	0o1o2o3o4o5
1030085	0	65377	1	0a1a2a3
1030085	1	65378	1	0a1a2
1030085	2	0	1	0o1o2o3o4o5
1030086	0	65377	1	0a1a2a3
1030086	1	65378	1	0a1a2
1030086	2	0	1	0o1o2o3o4o5
1030087	0	65377	1	0a1a2a3
1030087	1	65378	1	0a1a2
1030087	2	0	1	0o1o2o3o4o5
1030088	0	65377	1	0a1a2a3
1030088	1	65378	1	0a1a2
1030088	2	0	1	0o1o2o3o4o5
1030089	0	65377	1	0a1a2a3
1030089	1	65378	1	0a1a2
1030089	2	0	1	0o1o2o3o4o5
1030090	0	65377	1	0a1a2a3
1030090	1	65378	1	0a1a2
1030090	2	0	1	0o1o2o3o4o5
1030091	0	65377	1	0a1a2a3
1030091	1	65378	1	0a1a2
1030091	2	0	1	0o1o2o3o4o5
1030092	0	65377	1	0a1a2a3
1030092	1	65378	1	0a1a2
1030092	2	0	1	0o1o2o3o4o5
1030093	0	65377	1	0a1a2a3
1030093	1	65378	1	0a1a2
1030093	2	0	1	0o1o2o3o4o5
1030094	0	65377	1	0a1a2a3
1030094	1	65378	1	0a1a2
1030094	2	0	1	0o1o2o3o4o5
1030095	0	65377	1	0a1a2a3
1030095	1	65378	1	0a1a2
1030095	2	0	1	0o1o2o3o4o5
1030096	0	65377	1	0a1a2a3
1030096	1	65378	1	0a1a2
1030096	2	0	1	0o1o2o3o4o5
1030101	0	65377	1	0a1a2a3
1030101	1	65378	1	0a1a2
1030101	2	0	1	0o1o2o3o4o5
1030102	0	65377	1	0a1a2a3
1030102	1	65378	1	0a1a2
1030102	2	0	1	0o1o2o3o4o5
1030103	0	65377	1	0a1a2a3
1030103	1	65378	1	0a1a2
1030103	2	0	1	0o1o2o3o4o5
1030104	0	65377	1	0a1a2a3
1030104	1	65378	1	0a1a2
1030104	2	0	1	0o1o2o3o4o5
1030105	0	65377	1	0a1a2a3
1030105	1	65378	1	0a1a2
1030105	2	0	1	0o1o2o3o4o5
1030106	0	65377	1	0a1a2a3
1030106	1	65378	1	0a1a2
1030106	2	0	1	0o1o2o3o4o5
1030107	0	65377	1	0a1a2a3
1030107	1	65378	1	0a1a2
1030107	2	0	1	0o1o2o3o4o5
1030108	0	65377	1	0a1a2a3
1030108	1	65378	1	0a1a2
1030108	2	0	1	0o1o2o3o4o5
1030109	0	65377	1	0a1a2a3
1030109	1	65378	1	0a1a2
1030109	2	0	1	0o1o2o3o4o5
1030110	0	65377	1	0a1a2a3
1030110	1	65378	1	0a1a2
1030110	2	0	1	0o1o2o3o4o5
1030111	0	65377	1	0a1a2a3
1030111	1	65378	1	0a1a2
1030111	2	0	1	0o1o2o3o4o5
1030112	0	65377	1	0a1a2a3
1030112	1	65378	1	0a1a2
1030112	2	0	1	0o1o2o3o4o5
1030113	0	65377	1	0a1a2a3
1030113	1	65378	1	0a1a2
1030113	2	0	1	0o1o2o3o4o5
1030114	0	65377	1	0a1a2a3
1030114	1	65378	1	0a1a2
1030114	2	0	1	0o1o2o3o4o5
1030115	0	65377	1	0a1a2a3
1030115	1	65378	1	0a1a2
1030115	2	0	1	0o1o2o3o4o5
1030116	0	65377	1	0a1a2a3
1030116	1	65378	1	0a1a2
1030116	2	0	1	0o1o2o3o4o5
1030117	0	65377	1	0a1a2a3
1030117	1	65378	1	0a1a2
1030117	2	0	1	0o1o2o3o4o5
1030118	0	65377	1	0a1a2a3
1030118	1	65378	1	0a1a2
1030118	2	0	1	0o1o2o3o4o5
1030201	0	65377	1	0a1a2a3
1030201	1	65378	1	0a1a2
1030201	2	0	1	0o1o2o3o4o5
1030202	0	65377	1	0a1a2a3
1030202	1	65378	1	0a1a2
1030202	2	0	1	0o1o2o3o4o5
1030203	0	65377	1	0a1a2a3
1030203	1	65378	1	0a1a2
1030203	2	0	1	0o1o2o3o4o5
1030204	0	65377	1	0a1a2a3
1030204	1	65378	1	0a1a2
1030204	2	0	1	0o1o2o3o4o5
1030205	0	65377	1	0a1a2a3
1030205	1	65378	1	0a1a2
1030205	2	0	1	0o1o2o3o4o5
1030206	0	65377	1	0a1a2a3
1030206	1	65378	1	0a1a2
1030206	2	0	1	0o1o2o3o4o5
1030207	0	65377	1	0a1a2a3
1030207	1	65378	1	0a1a2
1030207	2	0	1	0o1o2o3o4o5
1030208	0	65377	1	0a1a2a3
1030208	1	65378	1	0a1a2
1030208	2	0	1	0o1o2o3o4o5
1030209	0	65377	1	0a1a2a3
1030209	1	65378	1	0a1a2
1030209	2	0	1	0o1o2o3o4o5
1030210	0	65377	1	0a1a2a3
1030210	1	65378	1	0a1a2
1030210	2	0	1	0o1o2o3o4o5
1030211	0	65377	1	0a1a2a3
1030211	1	65378	1	0a1a2
1030211	2	0	1	0o1o2o3o4o5
1030212	0	65377	1	0a1a2a3
1030212	1	65378	1	0a1a2
1030212	2	0	1	0o1o2o3o4o5
1030213	0	65377	1	0a1a2a3
1030213	1	65378	1	0a1a2
1030213	2	0	1	0o1o2o3o4o5
1030214	0	65377	1	0a1a2a3
1030214	1	65378	1	0a1a2
1030214	2	0	1	0o1o2o3o4o5
1030215	0	65377	1	0a1a2a3
1030215	1	65378	1	0a1a2
1030215	2	0	1	0o1o2o3o4o5
1030216	0	65377	1	0a1a2a3
1030216	1	65378	1	0a1a2
1030216	2	0	1	0o1o2o3o4o5
1030217	0	65377	1	0a1a2a3
1030217	1	65378	1	0a1a2
1030217	2	0	1	0o1o2o3o4o5
1030218	0	65377	1	0a1a2a3
1030218	1	65378	1	0a1a2
1030218	2	0	1	0o1o2o3o4o5
1030501	0	65377	1	0a1a2a3
1030501	1	65378	1	0a1a2
1030501	2	0	1	0
1030502	0	65377	1	0a1a2a3
1030502	1	65378	1	0a1a2
1030502	2	0	1	0
1030503	0	65377	1	0a1a2a3
1030503	1	65378	1	0a1a2
1030503	2	0	1	0o1o2o3o4o5
1030504	0	65377	1	0a1a2a3
1030504	1	65378	1	0a1a2
1030504	2	0	1	0o1o2o3o4o5
1030505	0	65377	1	0a1a2a3
1030505	1	65378	1	0a1a2
1030505	2	0	1	0o1o2o3o4o5
1030506	0	65377	1	0a1a2a3
1030506	1	65378	1	0a1a2
1030506	2	0	1	0o1o2o3o4o5
1030507	0	65377	1	0a1a2a3
1030507	1	65378	1	0a1a2
1030507	2	0	1	0o1o2o3o4o5
1030508	0	65377	1	0a1a2a3
1030508	1	65378	1	0a1a2
1030508	2	0	1	0o1o2o3o4o5
1030509	0	65377	1	0a1a2a3
1030509	1	65378	1	0a1a2
1030509	2	0	1	0o1o2o3o4o5
1030510	0	65377	1	0a1a2a3
1030510	1	65378	1	0a1a2
1030510	2	0	1	0o1o2o3o4o5
1030511	0	65377	1	0a1a2a3
1030511	1	65378	1	0a1a2
1030511	2	0	1	0o1o2o3o4o5
1030512	0	65377	1	0a1a2a3
1030512	1	65378	1	0a1a2
1030512	2	0	1	0o1o2o3o4o5
1030513	0	65377	1	0a1a2a3
1030513	1	65378	1	0a1a2
1030513	2	0	1	0o1o2o3o4o5
1030514	0	65377	1	0a1a2a3
1030514	1	65378	1	0a1a2
1030514	2	0	1	0o1o2o3o4o5
1030515	0	65377	1	0a1a2a3
1030515	1	65378	1	0a1a2
1030515	2	0	1	0o1o2o3o4o5
1030516	0	65377	1	0a1a2a3
1030516	1	65378	1	0a1a2
1030516	2	0	1	0o1o2o3o4o5
1030517	0	65377	1	0a1a2a3
1030517	1	65378	1	0a1a2
1030517	2	0	1	0o1o2o3o4o5
1030518	0	65377	1	0a1a2a3
1030518	1	65378	1	0a1a2
1030518	2	0	1	0o1o2o3o4o5
1030519	0	65377	1	0a1a2a3
1030519	1	65378	1	0a1a2
1030519	2	0	1	0o1o2o3o4o5
1030520	0	65377	1	0a1a2a3
1030520	1	65378	1	0a1a2
1030520	2	0	1	0o1o2o3o4o5
1030521	0	65377	1	0a1a2a3
1030521	1	65378	1	0a1a2
1030521	2	0	1	0o1o2o3o4o5
1030522	0	65377	1	0a1a2a3
1030522	1	65378	1	0a1a2
1030522	2	0	1	0o1o2o3o4o5
1030523	0	65377	1	0a1a2a3
1030523	1	65378	1	0a1a2
1030523	2	0	1	0o1o2o3o4o5
1030524	0	65377	1	0a1a2a3
1030524	1	65378	1	0a1a2
1030524	2	0	1	0o1o2o3o4o5
1030525	0	65377	1	0a1a2a3
1030525	1	65378	1	0a1a2
1030525	2	0	1	0o1o2o3o4o5
1030526	0	65377	1	0a1a2a3
1030526	1	65378	1	0a1a2
1030526	2	0	1	0o1o2o3o4o5
1030527	0	65377	1	0a1a2a3
1030527	1	65378	1	0a1a2
1030527	2	0	1	0o1o2o3o4o5
1030528	0	65377	1	0a1a2a3
1030528	1	65378	1	0a1a2
1030528	2	0	1	0o1o2o3o4o5
1030529	0	65377	1	0a1a2a3
1030529	1	65378	1	0a1a2
1030529	2	0	1	0o1o2o3o4o5
1030530	0	65377	1	0a1a2a3
1030530	1	65378	1	0a1a2
1030530	2	0	1	0o1o2o3o4o5
1030531	0	65377	1	0a1a2a3
1030531	1	65378	1	0a1a2
1030531	2	0	1	0o1o2o3o4o5
1030532	0	65377	1	0a1a2a3
1030532	1	65378	1	0a1a2
1030532	2	0	1	0o1o2o3o4o5
1030533	0	65377	1	0a1a2a3
1030533	1	65378	1	0a1a2
1030533	2	0	1	0o1o2o3o4o5
1030534	0	65377	1	0a1a2a3
1030534	1	65378	1	0a1a2
1030534	2	0	1	0o1o2o3o4o5
1030535	0	65377	1	0a1a2a3
1030535	1	65378	1	0a1a2
1030535	2	0	1	0o1o2o3o4o5
1030536	0	65377	1	0a1a2a3
1030536	1	65378	1	0a1a2
1030536	2	0	1	0o1o2o3o4o5
1030537	0	65377	1	0a1a2a3
1030537	1	65378	1	0a1a2
1030537	2	0	1	0o1o2o3o4o5
1030538	0	65377	1	0a1a2a3
1030538	1	65378	1	0a1a2
1030538	2	0	1	0o1o2o3o4o5
1030539	0	65377	1	0a1a2a3
1030539	1	65378	1	0a1a2
1030539	2	0	1	0o1o2o3o4o5
1030540	0	65377	1	0a1a2a3
1030540	1	65378	1	0a1a2
1030540	2	0	1	0o1o2o3o4o5
1030541	0	65377	1	0a1a2a3
1030541	1	65378	1	0a1a2
1030541	2	0	1	0o1o2o3o4o5
1030542	0	65377	1	0a1a2a3
1030542	1	65378	1	0a1a2
1030542	2	0	1	0o1o2o3o4o5
1030543	0	65377	1	0a1a2a3
1030543	1	65378	1	0a1a2
1030543	2	0	1	0o1o2o3o4o5
1030544	0	65377	1	0a1a2a3
1030544	1	65378	1	0a1a2
1030544	2	0	1	0o1o2o3o4o5
1030545	0	65377	1	0a1a2a3
1030545	1	65378	1	0a1a2
1030545	2	0	1	0o1o2o3o4o5
1030546	0	65377	1	0a1a2a3
1030546	1	65378	1	0a1a2
1030546	2	0	1	0o1o2o3o4o5
1030547	0	65377	1	0a1a2a3
1030547	1	65378	1	0a1a2
1030547	2	0	1	0o1o2o3o4o5
1030548	0	65377	1	0a1a2a3
1030548	1	65378	1	0a1a2
1030548	2	0	1	0o1o2o3o4o5
1030549	0	65377	1	0a1a2a3
1030549	1	65378	1	0a1a2
1030549	2	0	1	0o1o2o3o4o5
1030550	0	65377	1	0a1a2a3
1030550	1	65378	1	0a1a2
1030550	2	0	1	0o1o2o3o4o5
1030551	0	65377	1	0a1a2a3
1030551	1	65378	1	0a1a2
1030551	2	0	1	0o1o2o3o4o5
1030552	0	65377	1	0a1a2a3
1030552	1	65378	1	0a1a2
1030552	2	0	1	0o1o2o3o4o5
1030553	0	65377	1	0a1a2a3
1030553	1	65378	1	0a1a2
1030553	2	0	1	0o1o2o3o4o5
1030554	0	65377	1	0a1a2a3
1030554	1	65378	1	0a1a2
1030554	2	0	1	0o1o2o3o4o5
1030555	0	65377	1	0a1a2a3
1030555	1	65378	1	0a1a2
1030555	2	0	1	0o1o2o3o4o5
1030556	0	65377	1	0a1a2a3
1030556	1	65378	1	0a1a2
1030556	2	0	1	0o1o2o3o4o5
1030557	0	65377	1	0a1a2a3
1030557	1	65378	1	0a1a2
1030557	2	0	1	0o1o2o3o4o5
1030558	0	65377	1	0a1a2a3
1030558	1	65378	1	0a1a2
1030558	2	0	1	0o1o2o3o4o5
1030559	0	65377	1	0a1a2a3
1030559	1	65378	1	0a1a2
1030559	2	0	1	0o1o2o3o4o5
1030560	0	65377	1	0a1a2a3
1030560	1	65378	1	0a1a2
1030560	2	0	1	0o1o2o3o4o5
1030561	0	65377	1	0a1a2a3
1030561	1	65378	1	0a1a2
1030561	2	0	1	0o1o2o3o4o5
1030562	0	65377	1	0a1a2a3
1030562	1	65378	1	0a1a2
1030562	2	0	1	0o1o2o3o4o5
1030563	0	65377	1	0a1a2a3
1030563	1	65378	1	0a1a2
1030563	2	0	1	0o1o2o3o4o5
1030564	0	65377	1	0a1a2a3
1030564	1	65378	1	0a1a2
1030564	2	0	1	0o1o2o3o4o5
1030565	0	65377	1	0a1a2a3
1030565	1	65378	1	0a1a2
1030565	2	0	1	0o1o2o3o4o5
1030566	0	65377	1	0a1a2a3
1030566	1	65378	1	0a1a2
1030566	2	0	1	0o1o2o3o4o5
1030567	0	65377	1	0a1a2a3
1030567	1	65378	1	0a1a2
1030567	2	0	1	0o1o2o3o4o5
1030568	0	65377	1	0a1a2a3
1030568	1	65378	1	0a1a2
1030568	2	0	1	0o1o2o3o4o5
1030569	0	65377	1	0a1a2a3
1030569	1	65378	1	0a1a2
1030569	2	0	1	0o1o2o3o4o5
1030570	0	65377	1	0a1a2a3
1030570	1	65378	1	0a1a2
1030570	2	0	1	0o1o2o3o4o5
1030571	0	65377	1	0a1a2a3
1030571	1	65378	1	0a1a2
1030571	2	0	1	0o1o2o3o4o5
1030572	0	65377	1	0a1a2a3
1030572	1	65378	1	0a1a2
1030572	2	0	1	0o1o2o3o4o5
1030573	0	65377	1	0a1a2a3
1030573	1	65378	1	0a1a2
1030573	2	0	1	0o1o2o3o4o5
1030574	0	65377	1	0a1a2a3
1030574	1	65378	1	0a1a2
1030574	2	0	1	0o1o2o3o4o5
1030575	0	65377	1	0a1a2a3
1030575	1	65378	1	0a1a2
1030575	2	0	1	0o1o2o3o4o5
1030576	0	65377	1	0a1a2a3
1030576	1	65378	1	0a1a2
1030576	2	0	1	0o1o2o3o4o5
1030577	0	65377	1	0a1a2a3
1030577	1	65378	1	0a1a2
1030577	2	0	1	0o1o2o3o4o5
1030578	0	65377	1	0a1a2a3
1030578	1	65378	1	0a1a2
1030578	2	0	1	0o1o2o3o4o5
1030579	0	65377	1	0a1a2a3
1030579	1	65378	1	0a1a2
1030579	2	0	1	0o1o2o3o4o5
1030580	0	65377	1	0a1a2a3
1030580	1	65378	1	0a1a2
1030580	2	0	1	0o1o2o3o4o5
1030581	0	65377	1	0a1a2a3
1030581	1	65378	1	0a1a2
1030581	2	0	1	0o1o2o3o4o5
1030582	0	65377	1	0a1a2a3
1030582	1	65378	1	0a1a2
1030582	2	0	1	0o1o2o3o4o5
1030583	0	65377	1	0a1a2a3
1030583	1	65378	1	0a1a2
1030583	2	0	1	0o1o2o3o4o5
1030584	0	65377	1	0a1a2a3
1030584	1	65378	1	0a1a2
1030584	2	0	1	0o1o2o3o4o5
1030585	0	65377	1	0a1a2a3
1030585	1	65378	1	0a1a2
1030585	2	0	1	0o1o2o3o4o5
1030586	0	65377	1	0a1a2a3
1030586	1	65378	1	0a1a2
1030586	2	0	1	0o1o2o3o4o5
1030587	0	65377	1	0a1a2a3
1030587	1	65378	1	0a1a2
1030587	2	0	1	0o1o2o3o4o5
1030588	0	65377	1	0a1a2a3
1030588	1	65378	1	0a1a2
1030588	2	0	1	0o1o2o3o4o5
1030589	0	65377	1	0a1a2a3
1030589	1	65378	1	0a1a2
1030589	2	0	1	0o1o2o3o4o5
1030590	0	65377	1	0a1a2a3
1030590	1	65378	1	0a1a2
1030590	2	0	1	0o1o2o3o4o5
1030591	0	65377	1	0a1a2a3
1030591	1	65378	1	0a1a2
1030591	2	0	1	0o1o2o3o4o5
1030592	0	65377	1	0a1a2a3
1030592	1	65378	1	0a1a2
1030592	2	0	1	0o1o2o3o4o5
1030593	0	65377	1	0a1a2a3
1030593	1	65378	1	0a1a2
1030593	2	0	1	0o1o2o3o4o5
1030594	0	65377	1	0a1a2a3
1030594	1	65378	1	0a1a2
1030594	2	0	1	0o1o2o3o4o5
1030595	0	65377	1	0a1a2a3
1030595	1	65378	1	0a1a2
1030595	2	0	1	0o1o2o3o4o5
1030596	0	65377	1	0a1a2a3
1030596	1	65378	1	0a1a2
1030596	2	0	1	0o1o2o3o4o5
1030601	0	65377	1	0a1a2a3
1030601	1	65378	1	0a1a2
1030601	2	0	1	0o1o2o3o4o5
1030602	0	65377	1	0a1a2a3
1030602	1	65378	1	0a1a2
1030602	2	0	1	0o1o2o3o4o5
1030603	0	65377	1	0a1a2a3
1030603	1	65378	1	0a1a2
1030603	2	0	1	0o1o2o3o4o5
1030604	0	65377	1	0a1a2a3
1030604	1	65378	1	0a1a2
1030604	2	0	1	0o1o2o3o4o5
1030605	0	65377	1	0a1a2a3
1030605	1	65378	1	0a1a2
1030605	2	0	1	0o1o2o3o4o5
1030606	0	65377	1	0a1a2a3
1030606	1	65378	1	0a1a2
1030606	2	0	1	0o1o2o3o4o5
1030607	0	65377	1	0a1a2a3
1030607	1	65378	1	0a1a2
1030607	2	0	1	0o1o2o3o4o5
1030608	0	65377	1	0a1a2a3
1030608	1	65378	1	0a1a2
1030608	2	0	1	0o1o2o3o4o5
1030609	0	65377	1	0a1a2a3
1030609	1	65378	1	0a1a2
1030609	2	0	1	0o1o2o3o4o5
1030610	0	65377	1	0a1a2a3
1030610	1	65378	1	0a1a2
1030610	2	0	1	0o1o2o3o4o5
1030611	0	65377	1	0a1a2a3
1030611	1	65378	1	0a1a2
1030611	2	0	1	0o1o2o3o4o5
1030612	0	65377	1	0a1a2a3
1030612	1	65378	1	0a1a2
1030612	2	0	1	0o1o2o3o4o5
1030613	0	65377	1	0a1a2a3
1030613	1	65378	1	0a1a2
1030613	2	0	1	0o1o2o3o4o5
1030614	0	65377	1	0a1a2a3
1030614	1	65378	1	0a1a2
1030614	2	0	1	0o1o2o3o4o5
1030615	0	65377	1	0a1a2a3
1030615	1	65378	1	0a1a2
1030615	2	0	1	0o1o2o3o4o5
1030616	0	65377	1	0a1a2a3
1030616	1	65378	1	0a1a2
1030616	2	0	1	0o1o2o3o4o5
1030617	0	65377	1	0a1a2a3
1030617	1	65378	1	0a1a2
1030617	2	0	1	0o1o2o3o4o5
1030618	0	65377	1	0a1a2a3
1030618	1	65378	1	0a1a2
1030618	2	0	1	0o1o2o3o4o5
1030701	0	65377	1	0a1a2a3
1030701	1	65378	1	0a1a2
1030701	2	0	1	0o1o2o3o4o5
1030702	0	65377	1	0a1a2a3
1030702	1	65378	1	0a1a2
1030702	2	0	1	0o1o2o3o4o5
1030703	0	65377	1	0a1a2a3
1030703	1	65378	1	0a1a2
1030703	2	0	1	0o1o2o3o4o5
1030704	0	65377	1	0a1a2a3
1030704	1	65378	1	0a1a2
1030704	2	0	1	0o1o2o3o4o5
1030705	0	65377	1	0a1a2a3
1030705	1	65378	1	0a1a2
1030705	2	0	1	0o1o2o3o4o5
1030706	0	65377	1	0a1a2a3
1030706	1	65378	1	0a1a2
1030706	2	0	1	0o1o2o3o4o5
1030707	0	65377	1	0a1a2a3
1030707	1	65378	1	0a1a2
1030707	2	0	1	0o1o2o3o4o5
1030708	0	65377	1	0a1a2a3
1030708	1	65378	1	0a1a2
1030708	2	0	1	0o1o2o3o4o5
1030709	0	65377	1	0a1a2a3
1030709	1	65378	1	0a1a2
1030709	2	0	1	0o1o2o3o4o5
1030710	0	65377	1	0a1a2a3
1030710	1	65378	1	0a1a2
1030710	2	0	1	0o1o2o3o4o5
1030711	0	65377	1	0a1a2a3
1030711	1	65378	1	0a1a2
1030711	2	0	1	0o1o2o3o4o5
1030712	0	65377	1	0a1a2a3
1030712	1	65378	1	0a1a2
1030712	2	0	1	0o1o2o3o4o5
1030713	0	65377	1	0a1a2a3
1030713	1	65378	1	0a1a2
1030713	2	0	1	0o1o2o3o4o5
1030714	0	65377	1	0a1a2a3
1030714	1	65378	1	0a1a2
1030714	2	0	1	0o1o2o3o4o5
1030715	0	65377	1	0a1a2a3
1030715	1	65378	1	0a1a2
1030715	2	0	1	0o1o2o3o4o5
1030716	0	65377	1	0a1a2a3
1030716	1	65378	1	0a1a2
1030716	2	0	1	0o1o2o3o4o5
1030717	0	65377	1	0a1a2a3
1030717	1	65378	1	0a1a2
1030717	2	0	1	0o1o2o3o4o5
1030718	0	65377	1	0a1a2a3
1030718	1	65378	1	0a1a2
1030718	2	0	1	0o1o2o3o4o5
1030719	0	65377	1	0a1a2a3
1030719	1	65378	1	0a1a2
1030719	2	0	1	0
1030720	0	65377	1	0a1a2a3
1030720	1	65378	1	0a1a2
1030720	2	0	1	0o1o2o3o4o5
1030721	0	65377	1	0a1a2a3
1030721	1	65378	1	0a1a2
1030721	2	0	1	0o1o2o3o4o5
1030722	0	65377	1	0a1a2a3
1030722	1	65378	1	0a1a2
1030722	2	0	1	0o1o2o3o4o5
1030723	0	65377	1	0a1a2a3
1030723	1	65378	1	0a1a2
1030723	2	0	1	0o1o2o3o4o5
1030724	0	65377	1	0a1a2a3
1030724	1	65378	1	0a1a2
1030724	2	0	1	0o1o2o3o4o5
1030725	0	65377	1	0a1a2a3
1030725	1	65378	1	0a1a2
1030725	2	0	1	0o1o2o3o4o5
1030726	0	65377	1	0a1a2a3
1030726	1	65378	1	0a1a2
1030726	2	0	1	0o1o2o3o4o5
1030727	0	65377	1	0a1a2a3
1030727	1	65378	1	0a1a2
1030727	2	0	1	0o1o2o3o4o5
1030728	0	65377	1	0a1a2a3
1030728	1	65378	1	0a1a2
1030728	2	0	1	0o1o2o3o4o5
1030729	0	65377	1	0a1a2a3
1030729	1	65378	1	0a1a2
1030729	2	0	1	0o1o2o3o4o5
1030730	0	65377	1	0a1a2a3
1030730	1	65378	1	0a1a2
1030730	2	0	1	0o1o2o3o4o5
1030731	0	65377	1	0a1a2a3
1030731	1	65378	1	0a1a2
1030731	2	0	1	0o1o2o3o4o5
1030732	0	65377	1	0a1a2a3
1030732	1	65378	1	0a1a2
1030732	2	0	1	0o1o2o3o4o5
1030733	0	65377	1	0a1a2a3
1030733	1	65378	1	0a1a2
1030733	2	0	1	0o1o2o3o4o5
1030734	0	65377	1	0a1a2a3
1030734	1	65378	1	0a1a2
1030734	2	0	1	0
1030735	0	65377	1	0a1a2a3
1030735	1	65378	1	0a1a2
1030735	2	0	1	0o1o2o3o4o5
1030736	0	65377	1	0a1a2a3
1030736	1	65378	1	0a1a2
1030736	2	0	1	0o1o2o3o4o5
1030737	0	65377	1	0a1a2a3
1030737	1	65378	1	0a1a2
1030737	2	0	1	0o1o2o3o4o5
1030738	0	65377	1	0a1a2a3
1030738	1	65378	1	0a1a2
1030738	2	0	1	0o1o2o3o4o5
1030739	0	65377	1	0a1a2a3
1030739	1	65378	1	0a1a2
1030739	2	0	1	0o1o2o3o4o5
1030740	0	65377	1	0a1a2a3
1030740	1	65378	1	0a1a2
1030740	2	0	1	0o1o2o3o4o5
1030741	0	65377	1	0a1a2a3
1030741	1	65378	1	0a1a2
1030741	2	0	1	0o1o2o3o4o5
1030742	0	65377	1	0a1a2a3
1030742	1	65378	1	0a1a2
1030742	2	0	1	0o1o2o3o4o5
1030743	0	65377	1	0a1a2a3
1030743	1	65378	1	0a1a2
1030743	2	0	1	0o1o2o3o4o5
1030744	0	65377	1	0a1a2a3
1030744	1	65378	1	0a1a2
1030744	2	0	1	0o1o2o3o4o5
1030745	0	65377	1	0a1a2a3
1030745	1	65378	1	0a1a2
1030745	2	0	1	0o1o2o3o4o5
1030746	0	65377	1	0a1a2a3
1030746	1	65378	1	0a1a2
1030746	2	0	1	0o1o2o3o4o5
1030747	0	65377	1	0a1a2a3
1030747	1	65378	1	0a1a2
1030747	2	0	1	0o1o2o3o4o5
1030748	0	65377	1	0a1a2a3
1030748	1	65378	1	0a1a2
1030748	2	0	1	0o1o2o3o4o5
1030749	0	65377	1	0a1a2a3
1030749	1	65378	1	0a1a2
1030749	2	0	1	0o1o2o3o4o5
1030750	0	65377	1	0a1a2a3
1030750	1	65378	1	0a1a2
1030750	2	0	1	0o1o2o3o4o5
1030751	0	65377	1	0a1a2a3
1030751	1	65378	1	0a1a2
1030751	2	0	1	0o1o2o3o4o5
1030752	0	65377	1	0a1a2a3
1030752	1	65378	1	0a1a2
1030752	2	0	1	0o1o2o3o4o5
1030753	0	65377	1	0a1a2a3
1030753	1	65378	1	0a1a2
1030753	2	0	1	0o1o2o3o4o5
1030754	0	65377	1	0a1a2a3
1030754	1	65378	1	0a1a2
1030754	2	0	1	0o1o2o3o4o5
1030755	0	65377	1	0a1a2a3
1030755	1	65378	1	0a1a2
1030755	2	0	1	0o1o2o3o4o5
1030756	0	65377	1	0a1a2a3
1030756	1	65378	1	0a1a2
1030756	2	0	1	0o1o2o3o4o5
1030757	0	65377	1	0a1a2a3
1030757	1	65378	1	0a1a2
1030757	2	0	1	0o1o2o3o4o5
1030758	0	65377	1	0a1a2a3
1030758	1	65378	1	0a1a2
1030758	2	0	1	0o1o2o3o4o5
1030759	0	65377	1	0a1a2a3
1030759	1	65378	1	0a1a2
1030759	2	0	1	0o1o2o3o4o5
1030760	0	65377	1	0a1a2a3
1030760	1	65378	1	0a1a2
1030760	2	0	1	0o1o2o3o4o5
1030761	0	65377	1	0a1a2a3
1030761	1	65378	1	0a1a2
1030761	2	0	1	0o1o2o3o4o5
1030762	0	65377	1	0a1a2a3
1030762	1	65378	1	0a1a2
1030762	2	0	1	0o1o2o3o4o5
1030763	0	65377	1	0a1a2a3
1030763	1	65378	1	0a1a2
1030763	2	0	1	0o1o2o3o4o5
1030764	0	65377	1	0a1a2a3
1030764	1	65378	1	0a1a2
1030764	2	0	1	0o1o2o3o4o5
1030765	0	65377	1	0a1a2a3
1030765	1	65378	1	0a1a2
1030765	2	0	1	0o1o2o3o4o5
1030766	0	65377	1	0a1a2a3
1030766	1	65378	1	0a1a2
1030766	2	0	1	0o1o2o3o4o5
1030767	0	65377	1	0a1a2a3
1030767	1	65378	1	0a1a2
1030767	2	0	1	0o1o2o3o4o5
1030768	0	65377	1	0a1a2a3
1030768	1	65378	1	0a1a2
1030768	2	0	1	0o1o2o3o4o5
1030769	0	65377	1	0a1a2a3
1030769	1	65378	1	0a1a2
1030769	2	0	1	0o1o2o3o4o5
1030770	0	65377	1	0a1a2a3
1030770	1	65378	1	0a1a2
1030770	2	0	1	0o1o2o3o4o5
1030771	0	65377	1	0a1a2a3
1030771	1	65378	1	0a1a2
1030771	2	0	1	0o1o2o3o4o5
1030772	0	65377	1	0a1a2a3
1030772	1	65378	1	0a1a2
1030772	2	0	1	0o1o2o3o4o5
1030773	0	65377	1	0a1a2a3
1030773	1	65378	1	0a1a2
1030773	2	0	1	0o1o2o3o4o5
1030774	0	65377	1	0a1a2a3
1030774	1	65378	1	0a1a2
1030774	2	0	1	0o1o2o3o4o5
1030775	0	65377	1	0a1a2a3
1030775	1	65378	1	0a1a2
1030775	2	0	1	0o1o2o3o4o5
1030776	0	65377	1	0a1a2a3
1030776	1	65378	1	0a1a2
1030776	2	0	1	0o1o2o3o4o5
1030777	0	65377	1	0a1a2a3
1030777	1	65378	1	0a1a2
1030777	2	0	1	0o1o2o3o4o5
1030778	0	65377	1	0a1a2a3
1030778	1	65378	1	0a1a2
1030778	2	0	1	0o1o2o3o4o5
1030779	0	65377	1	0a1a2a3
1030779	1	65378	1	0a1a2
1030779	2	0	1	0o1o2o3o4o5
1030780	0	65377	1	0a1a2a3
1030780	1	65378	1	0a1a2
1030780	2	0	1	0o1o2o3o4o5
1030781	0	65377	1	0a1a2a3
1030781	1	65378	1	0a1a2
1030781	2	0	1	0o1o2o3o4o5
1030782	0	65377	1	0a1a2a3
1030782	1	65378	1	0a1a2
1030782	2	0	1	0o1o2o3o4o5
1030783	0	65377	1	0a1a2a3
1030783	1	65378	1	0a1a2
1030783	2	0	1	0o1o2o3o4o5
1030784	0	65377	1	0a1a2a3
1030784	1	65378	1	0a1a2
1030784	2	0	1	0o1o2o3o4o5
1030785	0	65377	1	0a1a2a3
1030785	1	65378	1	0a1a2
1030785	2	0	1	0o1o2o3o4o5
1030786	0	65377	1	0a1a2a3
1030786	1	65378	1	0a1a2
1030786	2	0	1	0o1o2o3o4o5
1030787	0	65377	1	0a1a2a3
1030787	1	65378	1	0a1a2
1030787	2	0	1	0o1o2o3o4o5
1030788	0	65377	1	0a1a2a3
1030788	1	65378	1	0a1a2
1030788	2	0	1	0o1o2o3o4o5
1030789	0	65377	1	0a1a2a3
1030789	1	65378	1	0a1a2
1030789	2	0	1	0o1o2o3o4o5
1030790	0	65377	1	0a1a2a3
1030790	1	65378	1	0a1a2
1030790	2	0	1	0o1o2o3o4o5
1030791	0	65377	1	0a1a2a3
1030791	1	65378	1	0a1a2
1030791	2	0	1	0o1o2o3o4o5
1030792	0	65377	1	0a1a2a3
1030792	1	65378	1	0a1a2
1030792	2	0	1	0o1o2o3o4o5
1030793	0	65377	1	0a1a2a3
1030793	1	65378	1	0a1a2
1030793	2	0	1	0o1o2o3o4o5
1030794	0	65377	1	0a1a2a3
1030794	1	65378	1	0a1a2
1030794	2	0	1	0o1o2o3o4o5
1030795	0	65377	1	0a1a2a3
1030795	1	65378	1	0a1a2
1030795	2	0	1	0o1o2o3o4o5
1030796	0	65377	1	0a1a2a3
1030796	1	65378	1	0a1a2
1030796	2	0	1	0o1o2o3o4o5
1030797	0	65377	1	0a1a2a3
1030797	1	65378	1	0a1a2
1030797	2	0	1	0o1o2o3o4o5
1030798	0	65377	1	0a1a2a3
1030798	1	65378	1	0a1a2
1030798	2	0	1	0o1o2o3o4o5
1030799	0	65377	1	0a1a2a3
1030799	1	65378	1	0a1a2
1030799	2	0	1	0o1o2o3o4o5
1030800	0	65377	1	0a1a2a3
1030800	1	65378	1	0a1a2
1030800	2	0	1	0o1o2o3o4o5
1030801	0	65377	1	0a1a2a3
1030801	1	65378	1	0a1a2
1030801	2	0	1	0o1o2o3o4o5
1030802	0	65377	1	0a1a2a3
1030802	1	65378	1	0a1a2
1030802	2	0	1	0o1o2o3o4o5
1030803	0	65377	1	0a1a2a3
1030803	1	65378	1	0a1a2
1030803	2	0	1	0o1o2o3o4o5
1030804	0	65377	1	0a1a2a3
1030804	1	65378	1	0a1a2
1030804	2	0	1	0o1o2o3o4o5
1030805	0	65377	1	0a1a2a3
1030805	1	65378	1	0a1a2
1030805	2	0	1	0o1o2o3o4o5
1030806	0	65377	1	0a1a2a3
1030806	1	65378	1	0a1a2
1030806	2	0	1	0o1o2o3o4o5
1030807	0	65377	1	0a1a2a3
1030807	1	65378	1	0a1a2
1030807	2	0	1	0o1o2o3o4o5
1030808	0	65377	1	0a1a2a3
1030808	1	65378	1	0a1a2
1030808	2	0	1	0o1o2o3o4o5
1030809	0	65377	1	0a1a2a3
1030809	1	65378	1	0a1a2
1030809	2	0	1	0o1o2o3o4o5
1030810	0	65377	1	0a1a2a3
1030810	1	65378	1	0a1a2
1030810	2	0	1	0o1o2o3o4o5
1030811	0	65377	1	0a1a2a3
1030811	1	65378	1	0a1a2
1030811	2	0	1	0o1o2o3o4o5
1030812	0	65377	1	0a1a2a3
1030812	1	65378	1	0a1a2
1030812	2	0	1	0o1o2o3o4o5
1030813	0	65377	1	0a1a2a3
1030813	1	65378	1	0a1a2
1030813	2	0	1	0o1o2o3o4o5
1030814	0	65377	1	0a1a2a3
1030814	1	65378	1	0a1a2
1030814	2	0	1	0o1o2o3o4o5
1030815	0	65377	1	0a1a2a3
1030815	1	65378	1	0a1a2
1030815	2	0	1	0o1o2o3o4o5
1030816	0	65377	1	0a1a2a3
1030816	1	65378	1	0a1a2
1030816	2	0	1	0o1o2o3o4o5
1030817	0	65377	1	0a1a2a3
1030817	1	65378	1	0a1a2
1030817	2	0	1	0o1o2o3o4o5
1030818	0	65377	1	0a1a2a3
1030818	1	65378	1	0a1a2
1030818	2	0	1	0o1o2o3o4o5
1030819	0	65377	1	0a1a2a3
1030819	1	65378	1	0a1a2
1030819	2	0	1	0o1o2o3o4o5
1030820	0	65377	1	0a1a2a3
1030820	1	65378	1	0a1a2
1030820	2	0	1	0o1o2o3o4o5
1030821	0	65377	1	0a1a2a3
1030821	1	65378	1	0a1a2
1030821	2	0	1	0o1o2o3o4o5
1030822	0	65377	1	0a1a2a3
1030822	1	65378	1	0a1a2
1030822	2	0	1	0o1o2o3o4o5
1030823	0	65377	1	0a1a2a3
1030823	1	65378	1	0a1a2
1030823	2	0	1	0o1o2o3o4o5
1030824	0	65377	1	0a1a2a3
1030824	1	65378	1	0a1a2
1030824	2	0	1	0o1o2o3o4o5
1030825	0	65377	1	0a1a2a3
1030825	1	65378	1	0a1a2
1030825	2	0	1	0o1o2o3o4o5
1030826	0	65377	1	0a1a2a3
1030826	1	65378	1	0a1a2
1030826	2	0	1	0o1o2o3o4o5
1030827	0	65377	1	0a1a2a3
1030827	1	65378	1	0a1a2
1030827	2	0	1	0o1o2o3o4o5
1030828	0	65377	1	0a1a2a3
1030828	1	65378	1	0a1a2
1030828	2	0	1	0o1o2o3o4o5
1030829	0	65377	1	0a1a2a3
1030829	1	65378	1	0a1a2
1030829	2	0	1	0o1o2o3o4o5
1030830	0	65377	1	0a1a2a3
1030830	1	65378	1	0a1a2
1030830	2	0	1	0o1o2o3o4o5
1030831	0	65377	1	0a1a2a3
1030831	1	65378	1	0a1a2
1030831	2	0	1	0o1o2o3o4o5
1030832	0	65377	1	0a1a2a3
1030832	1	65378	1	0a1a2
1030832	2	0	1	0o1o2o3o4o5
1030833	0	65377	1	0a1a2a3
1030833	1	65378	1	0a1a2
1030833	2	0	1	0o1o2o3o4o5
1030834	0	65377	1	0a1a2a3
1030834	1	65378	1	0a1a2
1030834	2	0	1	0o1o2o3o4o5
1030835	0	65377	1	0a1a2a3
1030835	1	65378	1	0a1a2
1030835	2	0	1	0o1o2o3o4o5
1030836	0	65377	1	0a1a2a3
1030836	1	65378	1	0a1a2
1030836	2	0	1	0o1o2o3o4o5
1030837	0	65377	1	0a1a2a3
1030837	1	65378	1	0a1a2
1030837	2	0	1	0o1o2o3o4o5
1030838	0	65377	1	0a1a2a3
1030838	1	65378	1	0a1a2
1030838	2	0	1	0o1o2o3o4o5
1030839	0	65377	1	0a1a2a3
1030839	1	65378	1	0a1a2
1030839	2	0	1	0o1o2o3o4o5
1030840	0	65377	1	0a1a2a3
1030840	1	65378	1	0a1a2
1030840	2	0	1	0o1o2o3o4o5
1030841	0	65377	1	0a1a2a3
1030841	1	65378	1	0a1a2
1030841	2	0	1	0o1o2o3o4o5
1030842	0	65377	1	0a1a2a3
1030842	1	65378	1	0a1a2
1030842	2	0	1	0o1o2o3o4o5
1030843	0	65377	1	0a1a2a3
1030843	1	65378	1	0a1a2
1030843	2	0	1	0o1o2o3o4o5
1030844	0	65377	1	0a1a2a3
1030844	1	65378	1	0a1a2
1030844	2	0	1	0o1o2o3o4o5
1030845	0	65377	1	0a1a2a3
1030845	1	65378	1	0a1a2
1030845	2	0	1	0o1o2o3o4o5
1030846	0	65377	1	0a1a2a3
1030846	1	65378	1	0a1a2
1030846	2	0	1	0o1o2o3o4o5
1030847	0	65377	1	0a1a2a3
1030847	1	65378	1	0a1a2
1030847	2	0	1	0o1o2o3o4o5
1030848	0	65377	1	0a1a2a3
1030848	1	65378	1	0a1a2
1030848	2	0	1	0o1o2o3o4o5
1030849	0	65377	1	0a1a2a3
1030849	1	65378	1	0a1a2
1030849	2	0	1	0o1o2o3o4o5
1030850	0	65377	1	0a1a2a3
1030850	1	65378	1	0a1a2
1030850	2	0	1	0o1o2o3o4o5
1030851	0	65377	1	0a1a2a3
1030851	1	65378	1	0a1a2
1030851	2	0	1	0o1o2o3o4o5
1030852	0	65377	1	0a1a2a3
1030852	1	65378	1	0a1a2
1030852	2	0	1	0o1o2o3o4o5
1030853	0	65377	1	0a1a2a3
1030853	1	65378	1	0a1a2
1030853	2	0	1	0o1o2o3o4o5
1030854	0	65377	1	0a1a2a3
1030854	1	65378	1	0a1a2
1030854	2	0	1	0o1o2o3o4o5
1030855	0	65377	1	0a1a2a3
1030855	1	65378	1	0a1a2
1030855	2	0	1	0o1o2o3o4o5
1030856	0	65377	1	0a1a2a3
1030856	1	65378	1	0a1a2
1030856	2	0	1	0o1o2o3o4o5
1030857	0	65377	1	0a1a2a3
1030857	1	65378	1	0a1a2
1030857	2	0	1	0o1o2o3o4o5
1030858	0	65377	1	0a1a2a3
1030858	1	65378	1	0a1a2
1030858	2	0	1	0o1o2o3o4o5
1030859	0	65377	1	0a1a2a3
1030859	1	65378	1	0a1a2
1030859	2	0	1	0o1o2o3o4o5
1030860	0	65377	1	0a1a2a3
1030860	1	65378	1	0a1a2
1030860	2	0	1	0o1o2o3o4o5
1030861	0	65377	1	0a1a2a3
1030861	1	65378	1	0a1a2
1030861	2	0	1	0o1o2o3o4o5
1030862	0	65377	1	0a1a2a3
1030862	1	65378	1	0a1a2
1030862	2	0	1	0o1o2o3o4o5
1030863	0	65377	1	0a1a2a3
1030863	1	65378	1	0a1a2
1030863	2	0	1	0o1o2o3o4o5
1030864	0	65377	1	0a1a2a3
1030864	1	65378	1	0a1a2
1030864	2	0	1	0o1o2o3o4o5
1030865	0	65377	1	0a1a2a3
1030865	1	65378	1	0a1a2
1030865	2	0	1	0o1o2o3o4o5
1030866	0	65377	1	0a1a2a3
1030866	1	65378	1	0a1a2
1030866	2	0	1	0o1o2o3o4o5
1030867	0	65377	1	0a1a2a3
1030867	1	65378	1	0a1a2
1030867	2	0	1	0o1o2o3o4o5
1030868	0	65377	1	0a1a2a3
1030868	1	65378	1	0a1a2
1030868	2	0	1	0o1o2o3o4o5
1030869	0	65377	1	0a1a2a3
1030869	1	65378	1	0a1a2
1030869	2	0	1	0o1o2o3o4o5
1030870	0	65377	1	0a1a2a3
1030870	1	65378	1	0a1a2
1030870	2	0	1	0o1o2o3o4o5
1030871	0	65377	1	0a1a2a3
1030871	1	65378	1	0a1a2
1030871	2	0	1	0o1o2o3o4o5
1030872	0	65377	1	0a1a2a3
1030872	1	65378	1	0a1a2
1030872	2	0	1	0o1o2o3o4o5
1030873	0	65377	1	0a1a2a3
1030873	1	65378	1	0a1a2
1030873	2	0	1	0o1o2o3o4o5
1030874	0	65377	1	0a1a2a3
1030874	1	65378	1	0a1a2
1030874	2	0	1	0o1o2o3o4o5
1030875	0	65377	1	0a1a2a3
1030875	1	65378	1	0a1a2
1030875	2	0	1	0o1o2o3o4o5
1030876	0	65377	1	0a1a2a3
1030876	1	65378	1	0a1a2
1030876	2	0	1	0o1o2o3o4o5
1030877	0	65377	1	0a1a2a3
1030877	1	65378	1	0a1a2
1030877	2	0	1	0o1o2o3o4o5
1030878	0	65377	1	0a1a2a3
1030878	1	65378	1	0a1a2
1030878	2	0	1	0o1o2o3o4o5
1030879	0	65377	1	0a1a2a3
1030879	1	65378	1	0a1a2
1030879	2	0	1	0o1o2o3o4o5
1030880	0	65377	1	0a1a2a3
1030880	1	65378	1	0a1a2
1030880	2	0	1	0o1o2o3o4o5
1030881	0	65377	1	0a1a2a3
1030881	1	65378	1	0a1a2
1030881	2	0	1	0o1o2o3o4o5
1030882	0	65377	1	0a1a2a3
1030882	1	65378	1	0a1a2
1030882	2	0	1	0o1o2o3o4o5
1030883	0	65377	1	0a1a2a3
1030883	1	65378	1	0a1a2
1030883	2	0	1	0o1o2o3o4o5
1030884	0	65377	1	0a1a2a3
1030884	1	65378	1	0a1a2
1030884	2	0	1	0o1o2o3o4o5
1030885	0	65377	1	0a1a2a3
1030885	1	65378	1	0a1a2
1030885	2	0	1	0o1o2o3o4o5
1030886	0	65377	1	0a1a2a3
1030886	1	65378	1	0a1a2
1030886	2	0	1	0o1o2o3o4o5
1030887	0	65377	1	0a1a2a3
1030887	1	65378	1	0a1a2
1030887	2	0	1	0o1o2o3o4o5
1030888	0	65377	1	0a1a2a3
1030888	1	65378	1	0a1a2
1030888	2	0	1	0o1o2o3o4o5
1030889	0	65377	1	0a1a2a3
1030889	1	65378	1	0a1a2
1030889	2	0	1	0o1o2o3o4o5
1030890	0	65377	1	0a1a2a3
1030890	1	65378	1	0a1a2
1030890	2	0	1	0o1o2o3o4o5
1030891	0	65377	1	0a1a2a3
1030891	1	65378	1	0a1a2
1030891	2	0	1	0o1o2o3o4o5
1030892	0	65377	1	0a1a2a3
1030892	1	65378	1	0a1a2
1030892	2	0	1	0o1o2o3o4o5
1030893	0	65377	1	0a1a2a3
1030893	1	65378	1	0a1a2
1030893	2	0	1	0o1o2o3o4o5
1030894	0	65377	1	0a1a2a3
1030894	1	65378	1	0a1a2
1030894	2	0	1	0o1o2o3o4o5
1030895	0	65377	1	0a1a2a3
1030895	1	65378	1	0a1a2
1030895	2	0	1	0o1o2o3o4o5
1030896	0	65377	1	0a1a2a3
1030896	1	65378	1	0a1a2
1030896	2	0	1	0o1o2o3o4o5
1030897	0	65377	1	0a1a2a3
1030897	1	65378	1	0a1a2
1030897	2	0	1	0o1o2o3o4o5
1030898	0	65377	1	0a1a2a3
1030898	1	65378	1	0a1a2
1030898	2	0	1	0o1o2o3o4o5
1030899	0	65377	1	0a1a2a3
1030899	1	65378	1	0a1a2
1030899	2	0	1	0o1o2o3o4o5
1030900	0	65377	1	0a1a2a3
1030900	1	65378	1	0a1a2
1030900	2	0	1	0o1o2o3o4o5
1030901	0	65377	1	0a1a2a3
1030901	1	65378	1	0a1a2
1030901	2	0	1	0o1o2o3o4o5
1030902	0	65377	1	0a1a2a3
1030902	1	65378	1	0a1a2
1030902	2	0	1	0o1o2o3o4o5
1030903	0	65377	1	0a1a2a3
1030903	1	65378	1	0a1a2
1030903	2	0	1	0o1o2o3o4o5
1030904	0	65377	1	0a1a2a3
1030904	1	65378	1	0a1a2
1030904	2	0	1	0o1o2o3o4o5
1030905	0	65377	1	0a1a2a3
1030905	1	65378	1	0a1a2
1030905	2	0	1	0o1o2o3o4o5
1030906	0	65377	1	0a1a2a3
1030906	1	65378	1	0a1a2
1030906	2	0	1	0o1o2o3o4o5
1030907	0	65377	1	0a1a2a3
1030907	1	65378	1	0a1a2
1030907	2	0	1	0o1o2o3o4o5
1030908	0	65377	1	0a1a2a3
1030908	1	65378	1	0a1a2
1030908	2	0	1	0o1o2o3o4o5
1030909	0	65377	1	0a1a2a3
1030909	1	65378	1	0a1a2
1030909	2	0	1	0o1o2o3o4o5
1030910	0	65377	1	0a1a2a3
1030910	1	65378	1	0a1a2
1030910	2	0	1	0o1o2o3o4o5
1030911	0	65377	1	0a1a2a3
1030911	1	65378	1	0a1a2
1030911	2	0	1	0o1o2o3o4o5
1030912	0	65377	1	0a1a2a3
1030912	1	65378	1	0a1a2
1030912	2	0	1	0o1o2o3o4o5
1030913	0	65377	1	0a1a2a3
1030913	1	65378	1	0a1a2
1030913	2	0	1	0o1o2o3o4o5
1030914	0	65377	1	0a1a2a3
1030914	1	65378	1	0a1a2
1030914	2	0	1	0o1o2o3o4o5
1030915	0	65377	1	0a1a2a3
1030915	1	65378	1	0a1a2
1030915	2	0	1	0o1o2o3o4o5
1030916	0	65377	1	0a1a2a3
1030916	1	65378	1	0a1a2
1030916	2	0	1	0o1o2o3o4o5
1030917	0	65377	1	0a1a2a3
1030917	1	65378	1	0a1a2
1030917	2	0	1	0o1o2o3o4o5
1030918	0	65377	1	0a1a2a3
1030918	1	65378	1	0a1a2
1030918	2	0	1	0o1o2o3o4o5
1030919	0	65377	1	0a1a2a3
1030919	1	65378	1	0a1a2
1030919	2	0	1	0o1o2o3o4o5
1030920	0	65377	1	0a1a2a3
1030920	1	65378	1	0a1a2
1030920	2	0	1	0o1o2o3o4o5
1030921	0	65377	1	0a1a2a3
1030921	1	65378	1	0a1a2
1030921	2	0	1	0o1o2o3o4o5
1030922	0	65377	1	0a1a2a3
1030922	1	65378	1	0a1a2
1030922	2	0	1	0o1o2o3o4o5
1030923	0	65377	1	0a1a2a3
1030923	1	65378	1	0a1a2
1030923	2	0	1	0o1o2o3o4o5
1030924	0	65377	1	0a1a2a3
1030924	1	65378	1	0a1a2
1030924	2	0	1	0o1o2o3o4o5
1030925	0	65377	1	0a1a2a3
1030925	1	65378	1	0a1a2
1030925	2	0	1	0o1o2o3o4o5
1030926	0	65377	1	0a1a2a3
1030926	1	65378	1	0a1a2
1030926	2	0	1	0o1o2o3o4o5
1030927	0	65377	1	0a1a2a3
1030927	1	65378	1	0a1a2
1030927	2	0	1	0o1o2o3o4o5
1030928	0	65377	1	0a1a2a3
1030928	1	65378	1	0a1a2
1030928	2	0	1	0o1o2o3o4o5
1030929	0	65377	1	0a1a2a3
1030929	1	65378	1	0a1a2
1030929	2	0	1	0o1o2o3o4o5
1030930	0	65377	1	0a1a2a3
1030930	1	65378	1	0a1a2
1030930	2	0	1	0o1o2o3o4o5
1030931	0	65377	1	0a1a2a3
1030931	1	65378	1	0a1a2
1030931	2	0	1	0o1o2o3o4o5
1030932	0	65377	1	0a1a2a3
1030932	1	65378	1	0a1a2
1030932	2	0	1	0o1o2o3o4o5
1030933	0	65377	1	0a1a2a3
1030933	1	65378	1	0a1a2
1030933	2	0	1	0o1o2o3o4o5
1030934	0	65377	1	0a1a2a3
1030934	1	65378	1	0a1a2
1030934	2	0	1	0o1o2o3o4o5
1030935	0	65377	1	0a1a2a3
1030935	1	65378	1	0a1a2
1030935	2	0	1	0o1o2o3o4o5
1030936	0	65377	1	0a1a2a3
1030936	1	65378	1	0a1a2
1030936	2	0	1	0o1o2o3o4o5
1030937	0	65377	1	0a1a2a3
1030937	1	65378	1	0a1a2
1030937	2	0	1	0o1o2o3o4o5
1030938	0	65377	1	0a1a2a3
1030938	1	65378	1	0a1a2
1030938	2	0	1	0o1o2o3o4o5
1030939	0	65377	1	0a1a2a3
1030939	1	65378	1	0a1a2
1030939	2	0	1	0o1o2o3o4o5
1030940	0	65377	1	0a1a2a3
1030940	1	65378	1	0a1a2
1030940	2	0	1	0o1o2o3o4o5
1030941	0	65377	1	0a1a2a3
1030941	1	65378	1	0a1a2
1030941	2	0	1	0o1o2o3o4o5
1030942	0	65377	1	0a1a2a3
1030942	1	65378	1	0a1a2
1030942	2	0	1	0o1o2o3o4o5
1030943	0	65377	1	0a1a2a3
1030943	1	65378	1	0a1a2
1030943	2	0	1	0o1o2o3o4o5
1030944	0	65377	1	0a1a2a3
1030944	1	65378	1	0a1a2
1030944	2	0	1	0o1o2o3o4o5
1030945	0	65377	1	0a1a2a3
1030945	1	65378	1	0a1a2
1030945	2	0	1	0o1o2o3o4o5
1030946	0	65377	1	0a1a2a3
1030946	1	65378	1	0a1a2
1030946	2	0	1	0o1o2o3o4o5
1030947	0	65377	1	0a1a2a3
1030947	1	65378	1	0a1a2
1030947	2	0	1	0o1o2o3o4o5
1030948	0	65377	1	0a1a2a3
1030948	1	65378	1	0a1a2
1030948	2	0	1	0o1o2o3o4o5
1030949	0	65377	1	0a1a2a3
1030949	1	65378	1	0a1a2
1030949	2	0	1	0o1o2o3o4o5
1030950	0	65377	1	0a1a2a3
1030950	1	65378	1	0a1a2
1030950	2	0	1	0o1o2o3o4o5
1030951	0	65377	1	0a1a2a3
1030951	1	65378	1	0a1a2
1030951	2	0	1	0o1o2o3o4o5
1030952	0	65377	1	0a1a2a3
1030952	1	65378	1	0a1a2
1030952	2	0	1	0o1o2o3o4o5
1030953	0	65377	1	0a1a2a3
1030953	1	65378	1	0a1a2
1030953	2	0	1	0o1o2o3o4o5
1030954	0	65377	1	0a1a2a3
1030954	1	65378	1	0a1a2
1030954	2	0	1	0o1o2o3o4o5
1030955	0	65377	1	0a1a2a3
1030955	1	65378	1	0a1a2
1030955	2	0	1	0o1o2o3o4o5
1030956	0	65377	1	0a1a2a3
1030956	1	65378	1	0a1a2
1030956	2	0	1	0o1o2o3o4o5
1030957	0	65377	1	0a1a2a3
1030957	1	65378	1	0a1a2
1030957	2	0	1	0o1o2o3o4o5
1030958	0	65377	1	0a1a2a3
1030958	1	65378	1	0a1a2
1030958	2	0	1	0o1o2o3o4o5
1030959	0	65377	1	0a1a2a3
1030959	1	65378	1	0a1a2
1030959	2	0	1	0o1o2o3o4o5
1030960	0	65377	1	0a1a2a3
1030960	1	65378	1	0a1a2
1030960	2	0	1	0o1o2o3o4o5
1030961	0	65377	1	0a1a2a3
1030961	1	65378	1	0a1a2
1030961	2	0	1	0o1o2o3o4o5
1030962	0	65377	1	0a1a2a3
1030962	1	65378	1	0a1a2
1030962	2	0	1	0o1o2o3o4o5
1030963	0	65377	1	0a1a2a3
1030963	1	65378	1	0a1a2
1030963	2	0	1	0o1o2o3o4o5
1030964	0	65377	1	0a1a2a3
1030964	1	65378	1	0a1a2
1030964	2	0	1	0o1o2o3o4o5
1030965	0	65377	1	0a1a2a3
1030965	1	65378	1	0a1a2
1030965	2	0	1	0o1o2o3o4o5
1030966	0	65377	1	0a1a2a3
1030966	1	65378	1	0a1a2
1030966	2	0	1	0o1o2o3o4o5
1030967	0	65377	1	0a1a2a3
1030967	1	65378	1	0a1a2
1030967	2	0	1	0o1o2o3o4o5
1030968	0	65377	1	0a1a2a3
1030968	1	65378	1	0a1a2
1030968	2	0	1	0o1o2o3o4o5
1030969	0	65377	1	0a1a2a3
1030969	1	65378	1	0a1a2
1030969	2	0	1	0o1o2o3o4o5
1030970	0	65377	1	0a1a2a3
1030970	1	65378	1	0a1a2
1030970	2	0	1	0o1o2o3o4o5
1030971	0	65377	1	0a1a2a3
1030971	1	65378	1	0a1a2
1030971	2	0	1	0o1o2o3o4o5
1030972	0	65377	1	0a1a2a3
1030972	1	65378	1	0a1a2
1030972	2	0	1	0o1o2o3o4o5
1030973	0	65377	1	0a1a2a3
1030973	1	65378	1	0a1a2
1030973	2	0	1	0o1o2o3o4o5
1030974	0	65377	1	0a1a2a3
1030974	1	65378	1	0a1a2
1030974	2	0	1	0o1o2o3o4o5
1030975	0	65377	1	0a1a2a3
1030975	1	65378	1	0a1a2
1030975	2	0	1	0o1o2o3o4o5
1030976	0	65377	1	0a1a2a3
1030976	1	65378	1	0a1a2
1030976	2	0	1	0o1o2o3o4o5
1035001	0	65377	1	0a1a2
1035001	1	65378	1	0a1a2
1035001	2	0	1	0a1
1035101	0	65377	1	0a1a2
1035101	1	65378	1	0a1a2
1035101	2	0	1	0a1
1040001	0	65361	1	0
1040002	0	65361	1	0
1040002	1	0	1	0a1
1040003	0	65361	1	0
1040003	1	0	1	0a1
1040004	0	65361	1	0
1040004	1	0	1	0a1
1040005	0	65361	1	0
1040005	1	0	1	0a1
1040006	0	65361	1	0
1040006	1	0	1	0a1
1040007	0	65361	1	0
1040007	1	0	1	0
1040008	0	65361	1	0
1040008	1	0	1	0
1040009	0	65361	1	0
1040009	1	0	1	0
1040010	0	65361	1	0
1040010	1	0	1	0
1040011	0	65361	1	0
1040011	1	0	1	0
1040012	0	65361	1	0
1040012	1	0	1	0
1040013	0	65361	1	0
1040013	1	0	1	0
1040014	0	65361	1	0
1040014	1	0	1	0
1040015	0	65361	1	0
1040015	1	0	1	0
1040016	0	65361	1	0
1040016	1	0	1	0
1040017	0	65361	1	0
1040017	1	0	1	0
1040018	0	65361	1	0
1040018	1	0	1	0
1040019	0	65361	1	0
1040019	1	0	1	0
1040020	0	65361	1	0
1040020	1	0	1	0
1040021	0	65361	1	0
1040021	1	0	1	0
1040022	0	65361	1	0
1040022	1	0	1	0
1040023	0	65361	1	0
1040023	1	0	1	0
1040024	0	65361	1	0
1040024	1	0	1	0
1040025	0	65361	1	0
1040025	1	0	1	0
1040026	0	65361	1	0
1040026	1	0	1	0
1040027	0	65361	1	0
1040027	1	0	1	0
1040028	0	65361	1	0
1040028	1	0	1	0
1040029	0	65361	1	0
1040029	1	0	1	0
1040030	0	65361	1	0
1040030	1	0	1	0
1040031	0	65361	1	0
1040031	1	0	1	0
1040032	0	65361	1	0
1040032	1	0	1	0
1040033	0	65361	1	0
1040033	1	0	1	0
1040034	0	65361	1	0
1040034	1	0	1	0
1040035	0	65361	1	0
1040035	1	0	1	0
1040036	0	65361	1	0
1040036	1	0	1	0
1040037	0	65361	1	0
1040037	1	0	1	0
1040038	0	65361	1	0
1040038	1	0	1	0
1040039	0	65361	1	0
1040039	1	0	1	0
1040040	0	65361	1	0
1040040	1	0	1	0
1040041	0	65361	1	0
1040041	1	0	1	0
1040042	0	65361	1	0
1040042	1	0	1	0
1040043	0	65361	1	0
1040043	1	0	1	0
1040044	0	65361	1	0
1040044	1	0	1	0
1040045	0	65361	1	0
1040045	1	0	1	0
1040046	0	65361	1	0
1040046	1	0	1	0
1040047	0	65361	1	0
1040047	1	0	1	0
1040048	0	65361	1	0
1040048	1	0	1	0
1040049	0	65361	1	0
1040049	1	0	1	0
1040050	0	65361	1	0
1040050	1	0	1	0
1050001	0	65283	1	0
1050001	1	0	1	0
1050002	0	65520	1	0a1
1050002	1	0	1	0
1050003	0	65283	1	0
1050003	1	0	1	0a1
1050004	0	65283	1	0
1050004	1	0	1	0
1050005	0	65520	1	0a1a2a3
1050005	1	0	1	0
1050006	0	65283	1	0
1050006	1	0	1	0a1
1050007	0	65520	1	0
1050007	1	0	1	0a1
1050008	0	65283	1	0
1050008	1	0	1	0a1
1050009	0	65520	2	0a1
1050009	1	0	1	0a1
1050010	0	65283	1	0
1050010	1	0	1	0
1050011	0	65520	1	0a1a2a3
1050011	1	0	1	0
1050012	0	65283	1	0
1050012	1	0	1	0a1
1050013	0	65283	2	0
1050013	1	0	1	0a1
1050014	0	65520	2	0
1050014	1	0	1	0a1
1050015	0	65520	1	0a1a2a3
1050015	1	0	1	0
1050016	0	65520	1	0a1a2a3
1050016	1	0	1	0
1050017	0	65283	1	0
1050017	1	0	1	0a1
1050018	0	65361	1	0
1050018	1	0	1	0
1050019	0	65361	1	0
1050019	1	0	1	0a1
1050501	0	65361	1	0
1050501	1	0	1	0
1050502	0	65361	1	0
1050502	1	0	1	0
1050503	0	65361	1	0
1050503	1	0	1	0
1050504	0	65361	1	0
1050504	1	0	1	0
1050505	0	65361	1	0
1050505	1	0	1	0
1050506	0	65361	1	0
1050506	1	0	1	0
1050507	0	65361	1	0
1050507	1	0	1	0
1050508	0	65361	1	0
1050508	1	0	1	0
1050509	0	65361	1	0
1050509	1	0	1	0
1050510	0	65361	1	0
1050510	1	0	1	0
1050511	0	65361	1	0
1050511	1	0	1	0
1050512	0	65361	1	0
1050512	1	0	1	0
1050513	0	65361	1	0
1050513	1	0	1	0
1050514	0	65361	1	0
1050514	1	0	1	0
1050515	0	65361	1	0
1050515	1	0	1	0
1050516	0	65361	1	0
1050516	1	0	1	0
1050517	0	65361	1	0
1050517	1	0	1	0
1050518	0	65361	1	0
1050518	1	0	1	0
1050519	0	65361	1	0
1050519	1	0	1	0
1050520	0	65361	1	0
1050520	1	0	1	0
1050521	0	65361	1	0
1050521	1	0	1	0
1060001	0	65299	5	0
1060001	1	0	1	0a1a2a3
1070001	0	65520	2	0a1a2
1070001	1	0	1	0a1
1070002	0	65520	2	0a1a2
1070002	1	0	1	0a1
1070003	0	65520	2	0a1a2a3
1070003	1	0	1	0a1
1070004	0	65520	2	0a1a2a3
1070004	1	0	1	0a1
1070005	0	65283	5	0
1070005	1	0	1	0a1
1070006	0	65299	1	0a1
1070006	1	0	1	0a1
1070007	0	65283	1	0
1070007	1	0	1	0a1
1070008	0	65283	1	0a1
1070008	1	0	1	0a1
1070009	0	65283	3	0a1
1070009	1	0	1	0a1
1070010	0	65301	1	0
1070010	1	0	1	0a1
1080001	0	65520	2	0a1
1080001	1	0	1	0a1
1080002	0	65520	2	0a1
1080002	1	0	1	0a1
1080003	0	65520	2	0a1
1080003	1	0	1	0a1
1080004	0	65520	2	0a1
1080004	1	0	1	0a1
1080005	0	65520	2	0a1
1080005	1	0	1	0a1
1080006	0	65520	2	0a1
1080006	1	0	1	0a1
1080007	0	65520	2	0a1
1080007	1	0	1	0a1
1080008	0	65283	1	0
1080008	1	0	1	0a1
1080009	0	65520	2	0a1a2
1080009	1	0	1	0a1
1080010	0	65520	2	0a1a2
1080010	1	0	1	0a1
1080011	0	65520	2	0a1a2
1080011	1	0	1	0a1
1080012	0	65520	2	0a1a2
1080012	1	0	1	0a1
1080013	0	65520	2	0a1a2
1080013	1	0	1	0a1
1080014	0	65520	2	0a1a2
1080014	1	0	1	0a1
1080015	0	65283	1	0
1080015	1	0	1	0a1
1080016	0	65283	1	0
1080016	1	0	1	0a1
1080017	0	65283	1	0
1080017	1	0	1	0a1
1080018	0	65283	1	0
1080018	1	0	1	0a1
1080019	0	65283	1	0
1080019	1	0	1	0a1
1080020	0	65283	1	0
1080020	1	0	1	0a1
1080021	0	65283	1	0
1080021	1	0	1	0a1
1080022	0	65283	3	0
1080022	1	0	1	0a1
1080023	0	65283	5	0
1080023	1	0	1	0a1
1080024	0	65283	7	0
1080024	1	0	1	0a1
1080025	0	65283	10	0
1080025	1	0	1	0a1
1080026	0	65283	15	0
1080026	1	0	1	0a1
1080027	0	65283	1	0
1080027	1	0	1	0a1
1080028	0	65283	3	0
1080028	1	0	1	0a1
1080029	0	65283	5	0
1080029	1	0	1	0a1
1080030	0	65283	7	0
1080030	1	0	1	0a1
1080031	0	65283	10	0
1080031	1	0	1	0a1
1080032	0	65283	15	0
1080032	1	0	1	0a1
1080033	0	65283	1	0
1080033	1	0	1	0a1
1080034	0	65283	1	0
1080034	1	0	1	0a1
1080035	0	65283	1	0
1080035	1	0	1	0a1
1080036	0	65283	1	0
1080036	1	0	1	0a1
1080037	0	65283	1	0
1080037	1	0	1	0a1
1080038	0	65283	1	0
1080038	1	0	1	0a1
1080039	0	65283	2	0
1080039	1	0	1	0a1
1080040	0	65283	3	0
1080040	1	0	1	0a1
1080041	0	65283	4	0
1080041	1	0	1	0a1
1080042	0	65520	1	0
1080042	1	0	1	0a1
1080043	0	65520	3	0
1080043	1	0	1	0a1
1080044	0	65520	5	0
1080044	1	0	1	0a1
1080045	0	65520	7	0
1080045	1	0	1	0a1
1080046	0	65520	10	0
1080046	1	0	1	0a1
1080047	0	65520	15	0
1080047	1	0	1	0a1
1080048	0	65283	1	0
1080048	1	0	1	0a1
1080049	0	65283	3	0
1080049	1	0	1	0a1
1080050	0	65283	5	0
1080050	1	0	1	0a1
1080051	0	65283	7	0
1080051	1	0	1	0a1
1080052	0	65283	10	0
1080052	1	0	1	0a1
1080053	0	65283	15	0
1080053	1	0	1	0a1
1080055	0	65283	1	0
1080055	1	0	1	0a1
1080056	0	65283	1	0o1o2
1080056	1	0	1	0a1
1080057	0	65301	1	0
1080057	1	0	1	0a1
1080058	0	65301	1	0
1080058	1	0	1	0a1
1080059	0	65301	1	0
1080059	1	0	1	0a1
1080060	0	65283	1	0
1080060	1	0	1	0a1
1080061	0	65520	1	0a1a2
1080061	1	0	1	0a1
1080062	0	65520	1	0a1a2
1080062	1	0	1	0a1
1080063	0	65520	1	0a1a2
1080063	1	0	1	0a1
1080064	0	65520	1	0a1a2
1080064	1	0	1	0a1
1080065	0	65520	1	0a1a2
1080065	1	0	1	0a1
1080066	0	65520	1	0a1a2
1080066	1	0	1	0a1
1080067	0	65520	1	0a1a2
1080067	1	0	1	0a1
1080068	0	65520	1	0a1a2
1080068	1	0	1	0a1
1080069	0	65520	1	0a1a2
1080069	1	0	1	0a1
1080070	0	65520	1	0a1a2
1080070	1	0	1	0a1
1080071	0	65520	1	0a1a2
1080071	1	0	1	0a1
1080072	0	65520	1	0a1a2
1080072	1	0	1	0a1
1080073	0	65520	1	0a1a2
1080073	1	0	1	0a1
1080074	0	65520	1	0a1a2
1080074	1	0	1	0a1
1080075	0	65520	1	0a1a2a3
1080075	1	0	1	0a1
1080076	0	65520	1	0a1a2a3
1080076	1	0	1	0a1
1080077	0	65520	1	0a1a2a3
1080077	1	0	1	0a1
1080078	0	65520	1	0a1a2a3
1080078	1	0	1	0a1
1080079	0	65520	1	0a1a2a3
1080079	1	0	1	0a1
1080080	0	65520	1	0a1a2a3
1080080	1	0	1	0a1
1080081	0	65520	1	0a1a2a3
1080081	1	0	1	0a1
1080082	0	65520	1	0a1a2
1080082	1	0	1	0a1
1080083	0	65520	1	0a1a2
1080083	1	0	1	0a1
1080084	0	65520	1	0a1a2
1080084	1	0	1	0a1
1080085	0	65520	1	0a1a2
1080085	1	0	1	0a1
1080086	0	65520	1	0a1a2
1080086	1	0	1	0a1
1080087	0	65520	1	0a1a2
1080087	1	0	1	0a1
1080088	0	65520	1	0a1a2
1080088	1	0	1	0a1
1080089	0	65520	1	0a1a2
1080089	1	0	1	0a1
1080090	0	65520	1	0a1a2
1080090	1	0	1	0a1
1080091	0	65520	1	0a1a2
1080091	1	0	1	0a1
1080092	0	65520	1	0a1a2
1080092	1	0	1	0a1
1080093	0	65520	1	0a1a2
1080093	1	0	1	0a1
1080094	0	65520	1	0a1a2
1080094	1	0	1	0a1
1080095	0	65520	1	0a1a2
1080095	1	0	1	0a1
1080096	0	65520	1	0a1a2a3
1080096	1	0	1	0a1
1080097	0	65520	1	0a1a2a3
1080097	1	0	1	0a1
1080098	0	65520	1	0a1a2a3
1080098	1	0	1	0a1
1080099	0	65520	1	0a1a2a3
1080099	1	0	1	0a1
1080100	0	65520	1	0a1a2a3
1080100	1	0	1	0a1
1080101	0	65520	1	0a1a2a3
1080101	1	0	1	0a1
1080102	0	65520	1	0a1a2a3
1080102	1	0	1	0a1
1080103	0	65283	1	0
1080103	1	0	1	0a1
1080104	0	65520	2	0a1a2
1080104	1	0	1	0a1
1080105	0	65520	2	0a1a2
1080105	1	0	1	0a1
1080106	0	65520	2	0a1a2
1080106	1	0	1	0a1
1080107	0	65520	2	0a1a2
1080107	1	0	1	0a1
1080108	0	65520	2	0a1a2
1080108	1	0	1	0a1
1080109	0	65520	2	0a1a2
1080109	1	0	1	0a1
1080110	0	65283	2	0
1080110	1	0	1	0a1
1080111	0	65283	2	0
1080111	1	0	1	0a1
1080112	0	65283	2	0
1080112	1	0	1	0a1
1080513	0	65520	1	0a1a2
1080513	1	0	1	0a1
1080514	0	65520	1	0a1a2
1080514	1	0	1	0a1
1080515	0	65520	1	0a1a2
1080515	1	0	1	0a1
1080516	0	65520	1	0a1a2
1080516	1	0	1	0a1
1080517	0	65520	1	0a1a2
1080517	1	0	1	0a1
1080518	0	65520	1	0a1a2
1080518	1	0	1	0a1
1080519	0	65520	1	0a1a2
1080519	1	0	1	0a1
1080520	0	65520	1	0a1a2a3
1080520	1	0	1	0a1
1080521	0	65520	1	0a1a2a3
1080521	1	0	1	0a1
1080522	0	65520	1	0a1a2a3
1080522	1	0	1	0a1
1080523	0	65520	1	0a1a2a3
1080523	1	0	1	0a1
1080524	0	65520	1	0a1a2a3
1080524	1	0	1	0a1
1090001	0	65520	1	0a1a2
1090001	1	0	1	0a1
1090002	0	65520	1	0a1a2
1090002	1	0	1	0a1
1090003	0	65520	1	0a1a2
1090003	1	0	1	0a1
1090004	0	65520	1	0a1a2a3
1090004	1	0	1	0a1
1090005	0	65520	1	0a1a2
1090005	1	0	1	0a1
1090006	0	65520	1	0a1a2
1090006	1	0	1	0a1
1090007	0	65520	1	0a1a2
1090007	1	0	1	0a1
1090008	0	65520	1	0a1a2
1090008	1	0	1	0a1
1090009	0	65520	1	0a1a2a3
1090009	1	0	1	0a1
1090010	0	65520	1	0a1a2
1090010	1	0	1	0a1
1090011	0	65520	1	0a1a2
1090011	1	0	1	0a1
1090012	0	65520	1	0a1a2
1090012	1	0	1	0a1
1090013	0	65520	1	0a1a2
1090013	1	0	1	0a1
1090014	0	65520	1	0a1a2a3
1090014	1	0	1	0a1
1090015	0	65520	1	0a1a2
1090015	1	0	1	0a1
1090016	0	65520	1	0a1a2
1090016	1	0	1	0a1
1090017	0	65520	1	0a1a2
1090017	1	0	1	0a1
1090018	0	65520	1	0a1a2
1090018	1	0	1	0a1
1090019	0	65520	1	0a1a2a3
1090019	1	0	1	0a1
1090020	0	65520	1	0a1a2
1090020	1	0	1	0a1
1090021	0	65520	1	0a1a2
1090021	1	0	1	0a1
1090022	0	65520	1	0a1a2
1090022	1	0	1	0a1
1090023	0	65520	1	0a1a2
1090023	1	0	1	0a1
1090024	0	65520	1	0a1a2a3
1090024	1	0	1	0a1
1090025	0	65520	1	0a1a2
1090025	1	0	1	0a1
1090026	0	65520	1	0a1a2
1090026	1	0	1	0a1
1090027	0	65520	1	0a1a2
1090027	1	0	1	0a1
1090028	0	65520	1	0a1a2
1090028	1	0	1	0a1
1090029	0	65520	1	0a1a2a3
1090029	1	0	1	0a1
1090030	0	65520	1	0a1a2
1090030	1	0	1	0a1
1090031	0	65520	1	0a1a2
1090031	1	0	1	0a1
1090032	0	65520	1	0a1a2
1090032	1	0	1	0a1
1090033	0	65520	1	0a1a2
1090033	1	0	1	0a1
1090034	0	65520	1	0a1a2a3
1090034	1	0	1	0a1
1090035	0	65520	1	0a1a2
1090035	1	0	1	0a1
1090036	0	65520	1	0a1a2
1090036	1	0	1	0a1
1090037	0	65520	1	0a1a2
1090037	1	0	1	0a1
1090038	0	65520	1	0a1a2
1090038	1	0	1	0a1
1090039	0	65520	1	0a1a2a3
1090039	1	0	1	0a1
1090040	0	65520	1	0a1a2
1090040	1	0	1	0a1
1090041	0	65520	1	0a1a2
1090041	1	0	1	0a1
1090042	0	65520	1	0a1a2
1090042	1	0	1	0a1
1090043	0	65520	1	0a1a2
1090043	1	0	1	0a1
1090044	0	65520	1	0a1a2a3
1090044	1	0	1	0a1
1090045	0	65520	1	0a1a2
1090045	1	0	1	0a1
1090046	0	65520	1	0a1a2
1090046	1	0	1	0a1
1090047	0	65520	1	0a1a2
1090047	1	0	1	0a1
1090048	0	65520	1	0a1a2a3
1090048	1	0	1	0a1
1090049	0	65520	1	0a1a2a3
1090049	1	0	1	0a1
1090050	0	65520	1	0a1a2
1090050	1	0	1	0a1
1090101	0	65520	2	0a1
1090101	1	0	1	0a1
1090102	0	65520	2	0a1
1090102	1	0	1	0a1
1090103	0	65520	1	0a1a2
1090103	1	0	1	0a1
1090104	0	65520	2	0a1a2
1090104	1	0	1	0a1
1090105	0	65520	3	0
1090105	1	0	1	0a1
1090106	0	65520	1	0a1a2
1090106	1	0	1	0a1
1090107	0	65520	1	0a1a2
1090107	1	0	1	0a1
1090108	0	65520	1	0a1a2
1090108	1	0	1	0a1
1090109	0	65520	1	0a1a2a3
1090109	1	0	1	0a1
1090110	0	65520	1	0a1a2
1090110	1	0	1	0a1
1090111	0	65520	1	0a1a2
1090111	1	0	1	0a1
1090112	0	65520	1	0a1a2
1090112	1	0	1	0a1
1090113	0	65520	1	0a1a2a3
1090113	1	0	1	0a1
1090114	0	65520	1	0a1a2
1090114	1	0	1	0a1
1090115	0	65520	1	0a1a2
1090115	1	0	1	0a1
1090116	0	65520	1	0a1a2
1090116	1	0	1	0a1
1090117	0	65520	1	0a1a2a3
1090117	1	0	1	0a1
1090118	0	65520	1	0a1a2
1090118	1	0	1	0a1
1090119	0	65520	1	0a1a2
1090119	1	0	1	0a1
1090120	0	65520	1	0a1a2
1090120	1	0	1	0a1
1090121	0	65520	1	0a1a2a3
1090121	1	0	1	0a1
1090122	0	65520	1	0a1a2
1090122	1	0	1	0a1
1090123	0	65520	1	0a1a2
1090123	1	0	1	0a1
1090124	0	65520	1	0a1a2
1090124	1	0	1	0a1
1090125	0	65520	1	0a1a2a3
1090125	1	0	1	0a1
1100001	0	65520	1	0a1a2a3a4
1100001	1	0	1	0a1
1100002	0	65520	1	0a1a2a3a4
1100002	1	0	1	0a1
1100003	0	65299	1	0a1
1100003	1	0	1	0a1
1100004	0	65301	1	0
1100004	1	0	1	0a1
1100005	0	65283	2	0a1
1100005	1	0	1	0a1
1130001	0	65520	1	0a1a2a3a4
1130001	1	0	1	0a1
1130002	0	65520	1	0a1a2a3a4
1130002	1	0	1	0a1
1130003	0	65299	1	0a1
1130003	1	0	1	0a1
1130004	0	65301	1	0
1130004	1	0	1	0a1
1130005	0	65283	3	0a1
1130005	1	0	1	0a1
1200001	0	65520	2	0a1a2
1200001	1	0	1	0a1
1200002	0	65520	2	0a1a2
1200002	1	0	1	0a1
1200003	0	65520	2	0a1a2a3
1200003	1	0	1	0a1
1200004	0	65520	2	0a1a2a3
1200004	1	0	1	0a1
1200005	0	65283	1	0a1
1200005	1	0	1	0a1
1200006	0	65283	1	0a1
1200006	1	0	1	0a1
1200007	0	65283	1	0a1
1200007	1	0	1	0a1
