VipLevel	ConfigType	ConfigValue	Desc
0	0	0	非VIP默认金钱
0	1	100	非VIP挑战声望
0	2	100	非VIP跳舞经验
0	3	100	非VIP跳舞金币
0	4	1	非VIP翻牌次数
0	5	100	非VIP心动值加成
0	6	10000	非VIP专区折扣
0	7	0	非VIP经验树收获次数
0	8	0	非VIP经验树CD
1	0	100	VIP1需要金钱
1	1	100	VIP1挑战声望
1	2	110	VIP1跳舞经验
1	3	100	VIP1跳舞金币
1	4	2	VIP1翻牌次数
1	5	105	VIP1心动值加成
1	6	10000	VIP1专区折扣
1	7	1	VIP1经验树收获次数
1	8	0	VIP1经验树CD
2	0	1000	VIP2需要金钱
2	1	100	VIP2挑战声望
2	2	112	VIP2跳舞经验
2	3	100	VIP2跳舞金币
2	4	2	VIP2翻牌次数
2	5	110	VIP2心动值加成
2	6	9800	VIP2专区折扣
2	7	1	VIP2经验树收获次数
2	8	1800	VIP2经验树CD
3	0	5000	VIP3需要金钱
3	1	100	VIP3挑战声望
3	2	114	VIP3跳舞经验
3	3	110	VIP3跳舞金币
3	4	2	VIP3翻牌次数
3	5	115	VIP3心动值加成
3	6	9600	VIP3专区折扣
3	7	1	VIP3经验树收获次数
3	8	1800	VIP3经验树CD
4	0	10000	VIP4需要金钱
4	1	100	VIP4挑战声望
4	2	116	VIP4跳舞经验
4	3	112	VIP4跳舞金币
4	4	2	VIP4翻牌次数
4	5	120	VIP4心动值加成
4	6	9400	VIP4专区折扣
4	7	1	VIP4经验树收获次数
4	8	3000	VIP4经验树CD
5	0	20000	VIP5需要金钱
5	1	100	VIP5挑战声望
5	2	118	VIP5跳舞经验
5	3	114	VIP5跳舞金币
5	4	2	VIP5翻牌次数
5	5	125	VIP5心动值加成
5	6	9200	VIP5专区折扣
5	7	2	VIP5经验树收获次数
5	8	3000	VIP5经验树CD
6	0	50000	VIP6需要金钱
6	1	110	VIP6挑战声望
6	2	120	VIP6跳舞经验
6	3	116	VIP6跳舞金币
6	4	2	VIP6翻牌次数
6	5	130	VIP6心动值加成
6	6	9000	VIP6专区折扣
6	7	2	VIP6经验树收获次数
6	8	4200	VIP6经验树CD
7	0	100000	VIP7需要金钱
7	1	115	VIP7挑战声望
7	2	122	VIP7跳舞经验
7	3	118	VIP7跳舞金币
7	4	2	VIP7翻牌次数
7	5	135	VIP7心动值加成
7	6	8800	VIP7专区折扣
7	7	2	VIP7经验树收获次数
7	8	4200	VIP7经验树CD
8	0	300000	VIP8需要金钱
8	1	120	VIP8挑战声望
8	2	124	VIP8跳舞经验
8	3	120	VIP8跳舞金币
8	4	2	VIP8翻牌次数
8	5	140	VIP8心动值加成
8	6	8500	VIP8专区折扣
8	7	2	VIP8经验树收获次数
8	8	5400	VIP8经验树CD
9	0	800000	VIP9需要金钱
9	1	125	VIP9挑战声望
9	2	126	VIP9跳舞经验
9	3	122	VIP9跳舞金币
9	4	2	VIP9翻牌次数
9	5	150	VIP9心动值加成
9	6	8000	VIP9专区折扣
9	7	3	VIP9经验树收获次数
9	8	5400	VIP9经验树CD
