Step	Level	BuyItemID	ItemID_B	ItemID_G	Delete	Hot	Shotcap	Desc
1	1	3237	3237	3237	1	4200	wedding_1_3237.png	神圣教堂
1	2	3236	3236	3236	1	3800	wedding_1_3236.png	光明教堂
1	3	3235	3235	3235	1	2000	wedding_1_3235.png	普通教堂
2	1	4725	4462	4466	0	3800	wedding_2_4725.png	钻石星辰
2	2	4718	4764	4766	0	3300	wedding_2_4718.png	炽热之心
2	3	4717	3467	3469	0	2900	wedding_2_4717.png	明镜之约
3	1	4726	5063	5083	0	6800	wedding_3_4726.png	高级结婚礼服
3	2	2919	5075	5095	0	2000	wedding_3_2919.png	中级结婚礼服
3	3	2918	5074	5059	0	1200	wedding_3_2918.png	初级结婚礼服
4	1	4735	4735	4735	1	4500	wedding_4_4735.png	高级表白字幕
4	2	4734	4734	4734	1	3600	wedding_4_4734.png	中级表白字幕
4	3	4733	4733	4733	1	1900	wedding_4_4733.png	低级表白字幕
5	1	4732	4732	4732	1	4000	wedding_5_4732.png	奢华结婚证
5	2	4731	4731	4731	1	3500	wedding_5_4731.png	华丽结婚证
5	3	4730	4730	4730	1	2500	wedding_5_4730.png	普通结婚证
6	1	691	691	691	1	8000	wedding_6_691.png	奢华邀请函
6	2	692	692	692	1	2000	wedding_6_692.png	普通邀请函
